0 10 10 10
  40.0000   33.7500   27.5000   21.2500   15.0000    8.7500    2.5000   -3.7500  -10.0000  -16.2500 
   0.0000    0.1250    0.2500    0.3750    0.5000    0.6250    0.7500    0.8750    1.0000    1.1250 
   0.0000    0.1250    0.2500    0.3750    0.5000    0.6250    0.7500    0.8750    1.0000    1.1250 
1 10 10 10
  41.2500   35.0000   28.7500   22.5000   16.2500   10.0000    3.7500   -2.5000   -8.7500  -15.0000 
  -0.0250    0.1000    0.2250    0.3500    0.4750    0.6000    0.7250    0.8500    0.9750    1.1000 
  -0.0250    0.1000    0.2250    0.3500    0.4750    0.6000    0.7250    0.8500    0.9750    1.1000 
2 10 10 10
  42.5000   36.2500   30.0000   23.7500   17.5000   11.2500    5.0000   -1.2500   -7.5000  -13.7500 
  -0.0500    0.0750    0.2000    0.3250    0.4500    0.5750    0.7000    0.8250    0.9500    1.0750 
  -0.0500    0.0750    0.2000    0.3250    0.4500    0.5750    0.7000    0.8250    0.9500    1.0750 
3 10 10 10
  43.7500   37.5000   31.2500   25.0000   18.7500   12.5000    6.2500    0.0000   -6.2500  -12.5000 
  -0.0750    0.0500    0.1750    0.3000    0.4250    0.5500    0.6750    0.8000    0.9250    1.0500 
  -0.0750    0.0500    0.1750    0.3000    0.4250    0.5500    0.6750    0.8000    0.9250    1.0500 
4 10 10 10
  45.0000   38.7500   32.5000   26.2500   20.0000   13.7500    7.5000    1.2500   -5.0000  -11.2500 
  -0.1000    0.0250    0.1500    0.2750    0.4000    0.5250    0.6500    0.7750    0.9000    1.0250 
  -0.1000    0.0250    0.1500    0.2750    0.4000    0.5250    0.6500    0.7750    0.9000    1.0250 
