    0 2017 11 15  8 48 21.52   25.4500  141.6080   28.4000  5.20      62 201711150848 0.1646 
    0     0 TS02   14.4911   99.5057    126.0000     1 TS03   15.5639   99.9632     44.0000 p    6.338 
    0     0 TS02   14.4911   99.5057    126.0000     2 TS12   15.3686  100.9204     99.0000 p   13.265 
    0     0 TS02   14.4911   99.5057    126.0000     3 TS13   13.4360   99.6326     84.0000 p   -2.681 
    0     0 TS02   14.4911   99.5057    126.0000     4 TS14   12.8856   99.9472      8.0000 p   -2.220 
    0     0 TS02   14.4911   99.5057    126.0000     5 TS19   14.9661  100.6891     73.0000 p   10.111 
    0     0 TS02   14.4911   99.5057    126.0000     6 TS24   12.7845  101.3428     29.0000 p    7.637 
    0     0 TS02   14.4911   99.5057    126.0000     7 TS27   15.4552  101.8616    223.0000 p   21.090 
    0     0 TS02   14.4911   99.5057    126.0000     8 PRAC   12.4726   99.7929     78.0000 p   -4.959 
    0     0 TS02   14.4911   99.5057    126.0000     9 NAYO   14.3152  101.3209    106.0000 p   12.795 
    0     1 TS03   15.5639   99.9632     44.0000     2 TS12   15.3686  100.9204     99.0000 p    6.927 
    0     1 TS03   15.5639   99.9632     44.0000     3 TS13   13.4360   99.6326     84.0000 p   -9.018 
    0     1 TS03   15.5639   99.9632     44.0000     5 TS19   14.9661  100.6891     73.0000 p    3.773 
    0     1 TS03   15.5639   99.9632     44.0000     7 TS27   15.4552  101.8616    223.0000 p   14.752 
    0     1 TS03   15.5639   99.9632     44.0000     9 NAYO   14.3152  101.3209    106.0000 p    6.457 
    0    10 TS06   17.9660   98.8883    435.0000    11 TS08   20.1604   99.9961    435.0000 p   14.022 
    0    10 TS06   17.9660   98.8883    435.0000    12 TS09   18.7397  100.6862    226.0000 p   15.996 
    0    10 TS06   17.9660   98.8883    435.0000    13 CMMT   18.8140   98.9444    403.0000 p    3.087 
    0    10 TS06   17.9660   98.8883    435.0000    14 MHIT   19.3148   97.9632    270.0000 p   -3.163 
    0    11 TS08   20.1604   99.9961    435.0000    12 TS09   18.7397  100.6862    226.0000 p    1.974 
    0    11 TS08   20.1604   99.9961    435.0000    13 CMMT   18.8140   98.9444    403.0000 p  -10.935 
    0    11 TS08   20.1604   99.9961    435.0000    14 MHIT   19.3148   97.9632    270.0000 p  -17.185 
    0    11 TS08   20.1604   99.9961    435.0000    15 CRAI   20.2289  100.3734    356.0000 p    2.896 
    0    12 TS09   18.7397  100.6862    226.0000    13 CMMT   18.8140   98.9444    403.0000 p  -12.909 
    0    12 TS09   18.7397  100.6862    226.0000    16 NONG   18.0635  103.1458    173.0000 p   16.917 
    0    12 TS09   18.7397  100.6862    226.0000    15 CRAI   20.2289  100.3734    356.0000 p    0.922 
    0     2 TS12   15.3686  100.9204     99.0000     3 TS13   13.4360   99.6326     84.0000 p  -15.945 
    0     2 TS12   15.3686  100.9204     99.0000     5 TS19   14.9661  100.6891     73.0000 p   -3.154 
    0     2 TS12   15.3686  100.9204     99.0000     7 TS27   15.4552  101.8616    223.0000 p    7.825 
    0     2 TS12   15.3686  100.9204     99.0000    17 TS32   15.2776  102.6377    159.0000 p   13.256 
    0     2 TS12   15.3686  100.9204     99.0000    18 TS34   16.1791  103.1964    162.0000 p   20.118 
    0     2 TS12   15.3686  100.9204     99.0000     9 NAYO   14.3152  101.3209    106.0000 p   -0.470 
    0     3 TS13   13.4360   99.6326     84.0000     4 TS14   12.8856   99.9472      8.0000 p    0.461 
    0     3 TS13   13.4360   99.6326     84.0000     5 TS19   14.9661  100.6891     73.0000 p   12.792 
    0     3 TS13   13.4360   99.6326     84.0000     6 TS24   12.7845  101.3428     29.0000 p   10.318 
    0     3 TS13   13.4360   99.6326     84.0000     8 PRAC   12.4726   99.7929     78.0000 p   -2.278 
    0     3 TS13   13.4360   99.6326     84.0000     9 NAYO   14.3152  101.3209    106.0000 p   15.476 
    0     4 TS14   12.8856   99.9472      8.0000     5 TS19   14.9661  100.6891     73.0000 p   12.330 
    0     4 TS14   12.8856   99.9472      8.0000     6 TS24   12.7845  101.3428     29.0000 p    9.857 
    0     4 TS14   12.8856   99.9472      8.0000     8 PRAC   12.4726   99.7929     78.0000 p   -2.739 
    0     4 TS14   12.8856   99.9472      8.0000     9 NAYO   14.3152  101.3209    106.0000 p   15.015 
    0     5 TS19   14.9661  100.6891     73.0000     6 TS24   12.7845  101.3428     29.0000 p   -2.473 
    0     5 TS19   14.9661  100.6891     73.0000     7 TS27   15.4552  101.8616    223.0000 p   10.979 
    0     5 TS19   14.9661  100.6891     73.0000    17 TS32   15.2776  102.6377    159.0000 p   16.409 
    0     5 TS19   14.9661  100.6891     73.0000     9 NAYO   14.3152  101.3209    106.0000 p    2.684 
    0     6 TS24   12.7845  101.3428     29.0000     8 PRAC   12.4726   99.7929     78.0000 p  -12.596 
    0     6 TS24   12.7845  101.3428     29.0000     9 NAYO   14.3152  101.3209    106.0000 p    5.158 
    0     7 TS27   15.4552  101.8616    223.0000    17 TS32   15.2776  102.6377    159.0000 p    5.431 
    0     7 TS27   15.4552  101.8616    223.0000    18 TS34   16.1791  103.1964    162.0000 p   12.293 
    0     7 TS27   15.4552  101.8616    223.0000     9 NAYO   14.3152  101.3209    106.0000 p   -8.294 
    0    19 TS30   15.3287  104.7581    135.0000    17 TS32   15.2776  102.6377    159.0000 p  -15.598 
    0    19 TS30   15.3287  104.7581    135.0000    20 TS33   16.0847  104.4066    176.0000 p   -0.550 
    0    19 TS30   15.3287  104.7581    135.0000    18 TS34   16.1791  103.1964    162.0000 p   -8.735 
    0    17 TS32   15.2776  102.6377    159.0000    20 TS33   16.0847  104.4066    176.0000 p   15.048 
    0    17 TS32   15.2776  102.6377    159.0000    18 TS34   16.1791  103.1964    162.0000 p    6.863 
    0    17 TS32   15.2776  102.6377    159.0000     9 NAYO   14.3152  101.3209    106.0000 p  -13.725 
    0    20 TS33   16.0847  104.4066    176.0000    18 TS34   16.1791  103.1964    162.0000 p   -8.185 
    0    20 TS33   16.0847  104.4066    176.0000    16 NONG   18.0635  103.1458    173.0000 p   -3.698 
    0    18 TS34   16.1791  103.1964    162.0000    16 NONG   18.0635  103.1458    173.0000 p    4.487 
    0    13 CMMT   18.8140   98.9444    403.0000    14 MHIT   19.3148   97.9632    270.0000 p   -6.250 
    0    13 CMMT   18.8140   98.9444    403.0000    15 CRAI   20.2289  100.3734    356.0000 p   13.831 
    0    14 MHIT   19.3148   97.9632    270.0000    15 CRAI   20.2289  100.3734    356.0000 p   20.081 
    0     8 PRAC   12.4726   99.7929     78.0000     9 NAYO   14.3152  101.3209    106.0000 p   17.754 
    1 2018  3  8  5 58 38.95   29.3370  142.2270   10.0000  5.20      54 201803080558 0.1677 
    1     0 TS02   14.4911   99.5057    126.0000     1 TS03   15.5639   99.9632     44.0000 p    7.150 
    1     0 TS02   14.4911   99.5057    126.0000    21 TS05   16.7589   98.9379    917.0000 p    4.447 
    1     0 TS02   14.4911   99.5057    126.0000     2 TS12   15.3686  100.9204     99.0000 p   13.336 
    1     0 TS02   14.4911   99.5057    126.0000     3 TS13   13.4360   99.6326     84.0000 p   -3.261 
    1     0 TS02   14.4911   99.5057    126.0000    22 TS15   13.5481   99.3346    140.0000 p   -4.599 
    1     0 TS02   14.4911   99.5057    126.0000    23 TS18   14.4809  100.8931     15.0000 p    9.601 
    1     0 TS02   14.4911   99.5057    126.0000    24 TS20   14.8773   99.8881     36.0000 p    4.111 
    1     0 TS02   14.4911   99.5057    126.0000     6 TS24   12.7845  101.3428     29.0000 p    5.764 
    1     0 TS02   14.4911   99.5057    126.0000    25 SRDT   14.3948   99.1213    202.0000 p   -3.048 
    1     0 TS02   14.4911   99.5057    126.0000     9 NAYO   14.3152  101.3209    106.0000 p   12.232 
    1     1 TS03   15.5639   99.9632     44.0000    21 TS05   16.7589   98.9379    917.0000 p   -2.703 
    1     1 TS03   15.5639   99.9632     44.0000     2 TS12   15.3686  100.9204     99.0000 p    6.186 
    1     1 TS03   15.5639   99.9632     44.0000     3 TS13   13.4360   99.6326     84.0000 p  -10.412 
    1     1 TS03   15.5639   99.9632     44.0000    22 TS15   13.5481   99.3346    140.0000 p  -11.749 
    1     1 TS03   15.5639   99.9632     44.0000    23 TS18   14.4809  100.8931     15.0000 p    2.451 
    1     1 TS03   15.5639   99.9632     44.0000    24 TS20   14.8773   99.8881     36.0000 p   -3.039 
    1     1 TS03   15.5639   99.9632     44.0000    25 SRDT   14.3948   99.1213    202.0000 p  -10.198 
    1     1 TS03   15.5639   99.9632     44.0000     9 NAYO   14.3152  101.3209    106.0000 p    5.081 
    1    21 TS05   16.7589   98.9379    917.0000    10 TS06   17.9660   98.8883    435.0000 p    3.794 
    1    21 TS05   16.7589   98.9379    917.0000     2 TS12   15.3686  100.9204     99.0000 p    8.889 
    1    21 TS05   16.7589   98.9379    917.0000    24 TS20   14.8773   99.8881     36.0000 p   -0.336 
    1    21 TS05   16.7589   98.9379    917.0000    25 SRDT   14.3948   99.1213    202.0000 p   -7.495 
    1    10 TS06   17.9660   98.8883    435.0000    11 TS08   20.1604   99.9961    435.0000 p   15.119 
    1    10 TS06   17.9660   98.8883    435.0000    12 TS09   18.7397  100.6862    226.0000 p   15.915 
    1    11 TS08   20.1604   99.9961    435.0000    12 TS09   18.7397  100.6862    226.0000 p    0.796 
    1     2 TS12   15.3686  100.9204     99.0000     3 TS13   13.4360   99.6326     84.0000 p  -16.598 
    1     2 TS12   15.3686  100.9204     99.0000    22 TS15   13.5481   99.3346    140.0000 p  -17.935 
    1     2 TS12   15.3686  100.9204     99.0000    23 TS18   14.4809  100.8931     15.0000 p   -3.735 
    1     2 TS12   15.3686  100.9204     99.0000    24 TS20   14.8773   99.8881     36.0000 p   -9.225 
    1     2 TS12   15.3686  100.9204     99.0000    17 TS32   15.2776  102.6377    159.0000 p   12.436 
    1     2 TS12   15.3686  100.9204     99.0000    25 SRDT   14.3948   99.1213    202.0000 p  -16.384 
    1     2 TS12   15.3686  100.9204     99.0000     9 NAYO   14.3152  101.3209    106.0000 p   -1.105 
    1     3 TS13   13.4360   99.6326     84.0000    22 TS15   13.5481   99.3346    140.0000 p   -1.337 
    1     3 TS13   13.4360   99.6326     84.0000    23 TS18   14.4809  100.8931     15.0000 p   12.863 
    1     3 TS13   13.4360   99.6326     84.0000    24 TS20   14.8773   99.8881     36.0000 p    7.372 
    1     3 TS13   13.4360   99.6326     84.0000     6 TS24   12.7845  101.3428     29.0000 p    9.025 
    1     3 TS13   13.4360   99.6326     84.0000    25 SRDT   14.3948   99.1213    202.0000 p    0.213 
    1     3 TS13   13.4360   99.6326     84.0000     9 NAYO   14.3152  101.3209    106.0000 p   15.493 
    1    22 TS15   13.5481   99.3346    140.0000    23 TS18   14.4809  100.8931     15.0000 p   14.200 
    1    22 TS15   13.5481   99.3346    140.0000    24 TS20   14.8773   99.8881     36.0000 p    8.710 
    1    22 TS15   13.5481   99.3346    140.0000     6 TS24   12.7845  101.3428     29.0000 p   10.362 
    1    22 TS15   13.5481   99.3346    140.0000    25 SRDT   14.3948   99.1213    202.0000 p    1.551 
    1    22 TS15   13.5481   99.3346    140.0000     9 NAYO   14.3152  101.3209    106.0000 p   16.830 
    1    23 TS18   14.4809  100.8931     15.0000    24 TS20   14.8773   99.8881     36.0000 p   -5.490 
    1    23 TS18   14.4809  100.8931     15.0000     6 TS24   12.7845  101.3428     29.0000 p   -3.837 
    1    23 TS18   14.4809  100.8931     15.0000    17 TS32   15.2776  102.6377    159.0000 p   16.171 
    1    23 TS18   14.4809  100.8931     15.0000    25 SRDT   14.3948   99.1213    202.0000 p  -12.649 
    1    23 TS18   14.4809  100.8931     15.0000     9 NAYO   14.3152  101.3209    106.0000 p    2.630 
    1    24 TS20   14.8773   99.8881     36.0000    25 SRDT   14.3948   99.1213    202.0000 p   -7.159 
    1    24 TS20   14.8773   99.8881     36.0000     9 NAYO   14.3152  101.3209    106.0000 p    8.120 
    1     6 TS24   12.7845  101.3428     29.0000     9 NAYO   14.3152  101.3209    106.0000 p    6.468 
    1    17 TS32   15.2776  102.6377    159.0000    20 TS33   16.0847  104.4066    176.0000 p   15.323 
    1    17 TS32   15.2776  102.6377    159.0000     9 NAYO   14.3152  101.3209    106.0000 p  -13.541 
    1    25 SRDT   14.3948   99.1213    202.0000     9 NAYO   14.3152  101.3209    106.0000 p   15.279 
    2 2017  3  7 10 55 40.63  -22.8710  171.2880   35.0000  5.40     148 201703071055 0.2164 
    2    26 TS01   14.4387  100.1231      9.0000     0 TS02   14.4911   99.5057    126.0000 p   -3.092 
    2    26 TS01   14.4387  100.1231      9.0000    27 TS04   16.2118   99.3544    147.0000 p   -8.038 
    2    26 TS01   14.4387  100.1231      9.0000     2 TS12   15.3686  100.9204     99.0000 p    1.606 
    2    26 TS01   14.4387  100.1231      9.0000     3 TS13   13.4360   99.6326     84.0000 p   -0.132 
    2    26 TS01   14.4387  100.1231      9.0000     4 TS14   12.8856   99.9472      8.0000 p    2.875 
    2    26 TS01   14.4387  100.1231      9.0000    22 TS15   13.5481   99.3346    140.0000 p   -1.561 
    2    26 TS01   14.4387  100.1231      9.0000    28 TS16   13.9438   99.5796     40.0000 p   -1.444 
    2    26 TS01   14.4387  100.1231      9.0000    29 TS17   13.8142  100.1372      8.0000 p    1.427 
    2    26 TS01   14.4387  100.1231      9.0000    23 TS18   14.4809  100.8931     15.0000 p    3.613 
    2    26 TS01   14.4387  100.1231      9.0000     5 TS19   14.9661  100.6891     73.0000 p    1.438 
    2    26 TS01   14.4387  100.1231      9.0000    30 TS21   16.1934  100.8536    107.0000 p   -0.439 
    2    26 TS01   14.4387  100.1231      9.0000     6 TS24   12.7845  101.3428     29.0000 p   10.331 
    2    26 TS01   14.4387  100.1231      9.0000    31 TS25   13.5479  101.6619     56.0000 p    9.747 
    2    26 TS01   14.4387  100.1231      9.0000    32 TS26   14.0414  101.9992     73.0000 p   10.210 
    2     0 TS02   14.4911   99.5057    126.0000    27 TS04   16.2118   99.3544    147.0000 p   -4.945 
    2     0 TS02   14.4911   99.5057    126.0000     2 TS12   15.3686  100.9204     99.0000 p    4.698 
    2     0 TS02   14.4911   99.5057    126.0000     3 TS13   13.4360   99.6326     84.0000 p    2.960 
    2     0 TS02   14.4911   99.5057    126.0000     4 TS14   12.8856   99.9472      8.0000 p    5.968 
    2     0 TS02   14.4911   99.5057    126.0000    22 TS15   13.5481   99.3346    140.0000 p    1.532 
    2     0 TS02   14.4911   99.5057    126.0000    28 TS16   13.9438   99.5796     40.0000 p    1.649 
    2     0 TS02   14.4911   99.5057    126.0000    29 TS17   13.8142  100.1372      8.0000 p    4.520 
    2     0 TS02   14.4911   99.5057    126.0000    23 TS18   14.4809  100.8931     15.0000 p    6.706 
    2     0 TS02   14.4911   99.5057    126.0000     5 TS19   14.9661  100.6891     73.0000 p    4.530 
    2     0 TS02   14.4911   99.5057    126.0000    30 TS21   16.1934  100.8536    107.0000 p    2.653 
    2     0 TS02   14.4911   99.5057    126.0000     6 TS24   12.7845  101.3428     29.0000 p   13.424 
    2     0 TS02   14.4911   99.5057    126.0000    31 TS25   13.5479  101.6619     56.0000 p   12.840 
    2     0 TS02   14.4911   99.5057    126.0000    32 TS26   14.0414  101.9992     73.0000 p   13.303 
    2    27 TS04   16.2118   99.3544    147.0000     2 TS12   15.3686  100.9204     99.0000 p    9.644 
    2    27 TS04   16.2118   99.3544    147.0000    28 TS16   13.9438   99.5796     40.0000 p    6.594 
    2    27 TS04   16.2118   99.3544    147.0000    23 TS18   14.4809  100.8931     15.0000 p   11.651 
    2    27 TS04   16.2118   99.3544    147.0000     5 TS19   14.9661  100.6891     73.0000 p    9.475 
    2    27 TS04   16.2118   99.3544    147.0000    30 TS21   16.1934  100.8536    107.0000 p    7.599 
    2    27 TS04   16.2118   99.3544    147.0000    33 TS22   18.5011   98.3697    498.0000 p  -10.065 
    2    27 TS04   16.2118   99.3544    147.0000    34 TS23   17.3921   98.4644    459.0000 p   -6.942 
    2    27 TS04   16.2118   99.3544    147.0000    35 TS35   16.2424  101.9292    241.0000 p   12.877 
    2    27 TS04   16.2118   99.3544    147.0000    36 PHRA   18.4989  100.2290    186.0000 p   -1.739 
    2    11 TS08   20.1604   99.9961    435.0000    12 TS09   18.7397  100.6862    226.0000 p    6.882 
    2    11 TS08   20.1604   99.9961    435.0000    33 TS22   18.5011   98.3697    498.0000 p   -3.287 
    2    11 TS08   20.1604   99.9961    435.0000    36 PHRA   18.4989  100.2290    186.0000 p    5.039 
    2    12 TS09   18.7397  100.6862    226.0000    33 TS22   18.5011   98.3697    498.0000 p  -10.169 
    2    12 TS09   18.7397  100.6862    226.0000    37 TS38   17.1656  101.8407    300.0000 p    9.357 
    2    12 TS09   18.7397  100.6862    226.0000    38 TS40   17.9901  102.1630    215.0000 p    9.228 
    2    12 TS09   18.7397  100.6862    226.0000    36 PHRA   18.4989  100.2290    186.0000 p   -1.844 
    2     2 TS12   15.3686  100.9204     99.0000     3 TS13   13.4360   99.6326     84.0000 p   -1.738 
    2     2 TS12   15.3686  100.9204     99.0000    22 TS15   13.5481   99.3346    140.0000 p   -3.166 
    2     2 TS12   15.3686  100.9204     99.0000    28 TS16   13.9438   99.5796     40.0000 p   -3.050 
    2     2 TS12   15.3686  100.9204     99.0000    29 TS17   13.8142  100.1372      8.0000 p   -0.179 
    2     2 TS12   15.3686  100.9204     99.0000    23 TS18   14.4809  100.8931     15.0000 p    2.007 
    2     2 TS12   15.3686  100.9204     99.0000     5 TS19   14.9661  100.6891     73.0000 p   -0.168 
    2     2 TS12   15.3686  100.9204     99.0000    30 TS21   16.1934  100.8536    107.0000 p   -2.045 
    2     2 TS12   15.3686  100.9204     99.0000    31 TS25   13.5479  101.6619     56.0000 p    8.141 
    2     2 TS12   15.3686  100.9204     99.0000    32 TS26   14.0414  101.9992     73.0000 p    8.604 
    2     2 TS12   15.3686  100.9204     99.0000    18 TS34   16.1791  103.1964    162.0000 p    9.083 
    2     2 TS12   15.3686  100.9204     99.0000    35 TS35   16.2424  101.9292    241.0000 p    3.233 
    2     2 TS12   15.3686  100.9204     99.0000    37 TS38   17.1656  101.8407    300.0000 p   -0.182 
    2     3 TS13   13.4360   99.6326     84.0000     4 TS14   12.8856   99.9472      8.0000 p    3.007 
    2     3 TS13   13.4360   99.6326     84.0000    22 TS15   13.5481   99.3346    140.0000 p   -1.428 
    2     3 TS13   13.4360   99.6326     84.0000    28 TS16   13.9438   99.5796     40.0000 p   -1.312 
    2     3 TS13   13.4360   99.6326     84.0000    29 TS17   13.8142  100.1372      8.0000 p    1.559 
    2     3 TS13   13.4360   99.6326     84.0000    23 TS18   14.4809  100.8931     15.0000 p    3.745 
    2     3 TS13   13.4360   99.6326     84.0000     5 TS19   14.9661  100.6891     73.0000 p    1.570 
    2     3 TS13   13.4360   99.6326     84.0000     6 TS24   12.7845  101.3428     29.0000 p   10.463 
    2     3 TS13   13.4360   99.6326     84.0000    31 TS25   13.5479  101.6619     56.0000 p    9.880 
    2     3 TS13   13.4360   99.6326     84.0000    32 TS26   14.0414  101.9992     73.0000 p   10.342 
    2     4 TS14   12.8856   99.9472      8.0000    22 TS15   13.5481   99.3346    140.0000 p   -4.436 
    2     4 TS14   12.8856   99.9472      8.0000    28 TS16   13.9438   99.5796     40.0000 p   -4.319 
    2     4 TS14   12.8856   99.9472      8.0000    29 TS17   13.8142  100.1372      8.0000 p   -1.448 
    2     4 TS14   12.8856   99.9472      8.0000    23 TS18   14.4809  100.8931     15.0000 p    0.738 
    2     4 TS14   12.8856   99.9472      8.0000     5 TS19   14.9661  100.6891     73.0000 p   -1.437 
    2     4 TS14   12.8856   99.9472      8.0000     6 TS24   12.7845  101.3428     29.0000 p    7.456 
    2     4 TS14   12.8856   99.9472      8.0000    31 TS25   13.5479  101.6619     56.0000 p    6.872 
    2     4 TS14   12.8856   99.9472      8.0000    32 TS26   14.0414  101.9992     73.0000 p    7.335 
    2    22 TS15   13.5481   99.3346    140.0000    28 TS16   13.9438   99.5796     40.0000 p    0.117 
    2    22 TS15   13.5481   99.3346    140.0000    29 TS17   13.8142  100.1372      8.0000 p    2.988 
    2    22 TS15   13.5481   99.3346    140.0000    23 TS18   14.4809  100.8931     15.0000 p    5.174 
    2    22 TS15   13.5481   99.3346    140.0000     5 TS19   14.9661  100.6891     73.0000 p    2.998 
    2    22 TS15   13.5481   99.3346    140.0000     6 TS24   12.7845  101.3428     29.0000 p   11.892 
    2    22 TS15   13.5481   99.3346    140.0000    31 TS25   13.5479  101.6619     56.0000 p   11.308 
    2    28 TS16   13.9438   99.5796     40.0000    29 TS17   13.8142  100.1372      8.0000 p    2.871 
    2    28 TS16   13.9438   99.5796     40.0000    23 TS18   14.4809  100.8931     15.0000 p    5.057 
    2    28 TS16   13.9438   99.5796     40.0000     5 TS19   14.9661  100.6891     73.0000 p    2.882 
    2    28 TS16   13.9438   99.5796     40.0000     6 TS24   12.7845  101.3428     29.0000 p   11.775 
    2    28 TS16   13.9438   99.5796     40.0000    31 TS25   13.5479  101.6619     56.0000 p   11.191 
    2    28 TS16   13.9438   99.5796     40.0000    32 TS26   14.0414  101.9992     73.0000 p   11.654 
    2    29 TS17   13.8142  100.1372      8.0000    23 TS18   14.4809  100.8931     15.0000 p    2.186 
    2    29 TS17   13.8142  100.1372      8.0000     5 TS19   14.9661  100.6891     73.0000 p    0.011 
    2    29 TS17   13.8142  100.1372      8.0000    30 TS21   16.1934  100.8536    107.0000 p   -1.866 
    2    29 TS17   13.8142  100.1372      8.0000     6 TS24   12.7845  101.3428     29.0000 p    8.904 
    2    29 TS17   13.8142  100.1372      8.0000    31 TS25   13.5479  101.6619     56.0000 p    8.320 
    2    29 TS17   13.8142  100.1372      8.0000    32 TS26   14.0414  101.9992     73.0000 p    8.783 
    2    23 TS18   14.4809  100.8931     15.0000     5 TS19   14.9661  100.6891     73.0000 p   -2.175 
    2    23 TS18   14.4809  100.8931     15.0000    30 TS21   16.1934  100.8536    107.0000 p   -4.052 
    2    23 TS18   14.4809  100.8931     15.0000     6 TS24   12.7845  101.3428     29.0000 p    6.718 
    2    23 TS18   14.4809  100.8931     15.0000    31 TS25   13.5479  101.6619     56.0000 p    6.134 
    2    23 TS18   14.4809  100.8931     15.0000    32 TS26   14.0414  101.9992     73.0000 p    6.597 
    2    23 TS18   14.4809  100.8931     15.0000    35 TS35   16.2424  101.9292    241.0000 p    1.226 
    2     5 TS19   14.9661  100.6891     73.0000    30 TS21   16.1934  100.8536    107.0000 p   -1.877 
    2     5 TS19   14.9661  100.6891     73.0000     6 TS24   12.7845  101.3428     29.0000 p    8.893 
    2     5 TS19   14.9661  100.6891     73.0000    31 TS25   13.5479  101.6619     56.0000 p    8.310 
    2     5 TS19   14.9661  100.6891     73.0000    32 TS26   14.0414  101.9992     73.0000 p    8.773 
    2     5 TS19   14.9661  100.6891     73.0000    35 TS35   16.2424  101.9292    241.0000 p    3.401 
    2     5 TS19   14.9661  100.6891     73.0000    37 TS38   17.1656  101.8407    300.0000 p   -0.014 
    2    30 TS21   16.1934  100.8536    107.0000    32 TS26   14.0414  101.9992     73.0000 p   10.649 
    2    30 TS21   16.1934  100.8536    107.0000    18 TS34   16.1791  103.1964    162.0000 p   11.128 
    2    30 TS21   16.1934  100.8536    107.0000    35 TS35   16.2424  101.9292    241.0000 p    5.278 
    2    30 TS21   16.1934  100.8536    107.0000    39 TS37   17.0298  103.0709    182.0000 p    8.339 
    2    30 TS21   16.1934  100.8536    107.0000    37 TS38   17.1656  101.8407    300.0000 p    1.863 
    2    30 TS21   16.1934  100.8536    107.0000    38 TS40   17.9901  102.1630    215.0000 p    1.734 
    2    30 TS21   16.1934  100.8536    107.0000    36 PHRA   18.4989  100.2290    186.0000 p   -9.338 
    2    33 TS22   18.5011   98.3697    498.0000    34 TS23   17.3921   98.4644    459.0000 p    3.122 
    2    33 TS22   18.5011   98.3697    498.0000    36 PHRA   18.4989  100.2290    186.0000 p    8.326 
    2    34 TS23   17.3921   98.4644    459.0000    36 PHRA   18.4989  100.2290    186.0000 p    5.203 
    2     6 TS24   12.7845  101.3428     29.0000    31 TS25   13.5479  101.6619     56.0000 p   -0.584 
    2     6 TS24   12.7845  101.3428     29.0000    32 TS26   14.0414  101.9992     73.0000 p   -0.121 
    2    31 TS25   13.5479  101.6619     56.0000    32 TS26   14.0414  101.9992     73.0000 p    0.463 
    2    32 TS26   14.0414  101.9992     73.0000    40 TS31   15.4629  103.5586    133.0000 p    4.005 
    2    32 TS26   14.0414  101.9992     73.0000    18 TS34   16.1791  103.1964    162.0000 p    0.479 
    2    32 TS26   14.0414  101.9992     73.0000    35 TS35   16.2424  101.9292    241.0000 p   -5.371 
    2    19 TS30   15.3287  104.7581    135.0000    40 TS31   15.4629  103.5586    133.0000 p   -6.033 
    2    19 TS30   15.3287  104.7581    135.0000    20 TS33   16.0847  104.4066    176.0000 p   -3.480 
    2    19 TS30   15.3287  104.7581    135.0000    18 TS34   16.1791  103.1964    162.0000 p   -9.560 
    2    19 TS30   15.3287  104.7581    135.0000    41 TS36   17.4451  104.5309    173.0000 p   -6.337 
    2    19 TS30   15.3287  104.7581    135.0000    39 TS37   17.0298  103.0709    182.0000 p  -12.349 
    2    40 TS31   15.4629  103.5586    133.0000    20 TS33   16.0847  104.4066    176.0000 p    2.553 
    2    40 TS31   15.4629  103.5586    133.0000    18 TS34   16.1791  103.1964    162.0000 p   -3.527 
    2    40 TS31   15.4629  103.5586    133.0000    35 TS35   16.2424  101.9292    241.0000 p   -9.377 
    2    40 TS31   15.4629  103.5586    133.0000    41 TS36   17.4451  104.5309    173.0000 p   -0.304 
    2    40 TS31   15.4629  103.5586    133.0000    39 TS37   17.0298  103.0709    182.0000 p   -6.315 
    2    40 TS31   15.4629  103.5586    133.0000    37 TS38   17.1656  101.8407    300.0000 p  -12.791 
    2    20 TS33   16.0847  104.4066    176.0000    18 TS34   16.1791  103.1964    162.0000 p   -6.080 
    2    20 TS33   16.0847  104.4066    176.0000    35 TS35   16.2424  101.9292    241.0000 p  -11.930 
    2    20 TS33   16.0847  104.4066    176.0000    41 TS36   17.4451  104.5309    173.0000 p   -2.857 
    2    20 TS33   16.0847  104.4066    176.0000    39 TS37   17.0298  103.0709    182.0000 p   -8.869 
    2    18 TS34   16.1791  103.1964    162.0000    35 TS35   16.2424  101.9292    241.0000 p   -5.850 
    2    18 TS34   16.1791  103.1964    162.0000    41 TS36   17.4451  104.5309    173.0000 p    3.223 
    2    18 TS34   16.1791  103.1964    162.0000    39 TS37   17.0298  103.0709    182.0000 p   -2.789 
    2    18 TS34   16.1791  103.1964    162.0000    37 TS38   17.1656  101.8407    300.0000 p   -9.265 
    2    18 TS34   16.1791  103.1964    162.0000    38 TS40   17.9901  102.1630    215.0000 p   -9.394 
    2    35 TS35   16.2424  101.9292    241.0000    39 TS37   17.0298  103.0709    182.0000 p    3.061 
    2    35 TS35   16.2424  101.9292    241.0000    37 TS38   17.1656  101.8407    300.0000 p   -3.415 
    2    35 TS35   16.2424  101.9292    241.0000    38 TS40   17.9901  102.1630    215.0000 p   -3.544 
    2    41 TS36   17.4451  104.5309    173.0000    39 TS37   17.0298  103.0709    182.0000 p   -6.012 
    2    41 TS36   17.4451  104.5309    173.0000    38 TS40   17.9901  102.1630    215.0000 p  -12.616 
    2    39 TS37   17.0298  103.0709    182.0000    37 TS38   17.1656  101.8407    300.0000 p   -6.476 
    2    39 TS37   17.0298  103.0709    182.0000    38 TS40   17.9901  102.1630    215.0000 p   -6.605 
    2    37 TS38   17.1656  101.8407    300.0000    38 TS40   17.9901  102.1630    215.0000 p   -0.129 
    2    37 TS38   17.1656  101.8407    300.0000    36 PHRA   18.4989  100.2290    186.0000 p  -11.201 
    2    38 TS40   17.9901  102.1630    215.0000    36 PHRA   18.4989  100.2290    186.0000 p  -11.072 
    3 2018 10 16  0 28 12.71  -21.9360  169.4900   10.0000  6.30     103 201810160028 0.2097 
    3     0 TS02   14.4911   99.5057    126.0000     1 TS03   15.5639   99.9632     44.0000 p   -0.411 
    3     0 TS02   14.4911   99.5057    126.0000    21 TS05   16.7589   98.9379    917.0000 p   -8.516 
    3     0 TS02   14.4911   99.5057    126.0000     2 TS12   15.3686  100.9204     99.0000 p    4.871 
    3     0 TS02   14.4911   99.5057    126.0000     3 TS13   13.4360   99.6326     84.0000 p    3.101 
    3     0 TS02   14.4911   99.5057    126.0000    22 TS15   13.5481   99.3346    140.0000 p    1.471 
    3     0 TS02   14.4911   99.5057    126.0000     5 TS19   14.9661  100.6891     73.0000 p    4.745 
    3     0 TS02   14.4911   99.5057    126.0000    24 TS20   14.8773   99.8881     36.0000 p    0.959 
    3     0 TS02   14.4911   99.5057    126.0000     6 TS24   12.7845  101.3428     29.0000 p   13.609 
    3     0 TS02   14.4911   99.5057    126.0000     7 TS27   15.4552  101.8616    223.0000 p    9.266 
    3     0 TS02   14.4911   99.5057    126.0000    25 SRDT   14.3948   99.1213    202.0000 p   -1.680 
    3     0 TS02   14.4911   99.5057    126.0000     9 NAYO   14.3152  101.3209    106.0000 p    9.281 
    3     0 TS02   14.4911   99.5057    126.0000     8 PRAC   12.4726   99.7929     78.0000 p    6.171 
    3     1 TS03   15.5639   99.9632     44.0000    21 TS05   16.7589   98.9379    917.0000 p   -8.105 
    3     1 TS03   15.5639   99.9632     44.0000     2 TS12   15.3686  100.9204     99.0000 p    5.282 
    3     1 TS03   15.5639   99.9632     44.0000     3 TS13   13.4360   99.6326     84.0000 p    3.511 
    3     1 TS03   15.5639   99.9632     44.0000    22 TS15   13.5481   99.3346    140.0000 p    1.882 
    3     1 TS03   15.5639   99.9632     44.0000     5 TS19   14.9661  100.6891     73.0000 p    5.156 
    3     1 TS03   15.5639   99.9632     44.0000    24 TS20   14.8773   99.8881     36.0000 p    1.370 
    3     1 TS03   15.5639   99.9632     44.0000     7 TS27   15.4552  101.8616    223.0000 p    9.677 
    3     1 TS03   15.5639   99.9632     44.0000    35 TS35   16.2424  101.9292    241.0000 p    8.520 
    3     1 TS03   15.5639   99.9632     44.0000    25 SRDT   14.3948   99.1213    202.0000 p   -1.269 
    3     1 TS03   15.5639   99.9632     44.0000     9 NAYO   14.3152  101.3209    106.0000 p    9.692 
    3    21 TS05   16.7589   98.9379    917.0000    10 TS06   17.9660   98.8883    435.0000 p   -3.073 
    3    21 TS05   16.7589   98.9379    917.0000     2 TS12   15.3686  100.9204     99.0000 p   13.388 
    3    21 TS05   16.7589   98.9379    917.0000     5 TS19   14.9661  100.6891     73.0000 p   13.262 
    3    21 TS05   16.7589   98.9379    917.0000    24 TS20   14.8773   99.8881     36.0000 p    9.475 
    3    21 TS05   16.7589   98.9379    917.0000    25 SRDT   14.3948   99.1213    202.0000 p    6.836 
    3    21 TS05   16.7589   98.9379    917.0000    36 PHRA   18.4989  100.2290    186.0000 p    1.853 
    3    10 TS06   17.9660   98.8883    435.0000    11 TS08   20.1604   99.9961    435.0000 p   -0.220 
    3    10 TS06   17.9660   98.8883    435.0000    12 TS09   18.7397  100.6862    226.0000 p    6.747 
    3    10 TS06   17.9660   98.8883    435.0000    14 MHIT   19.3148   97.9632    270.0000 p   -7.441 
    3    10 TS06   17.9660   98.8883    435.0000    36 PHRA   18.4989  100.2290    186.0000 p    4.926 
    3    11 TS08   20.1604   99.9961    435.0000    12 TS09   18.7397  100.6862    226.0000 p    6.968 
    3    11 TS08   20.1604   99.9961    435.0000    14 MHIT   19.3148   97.9632    270.0000 p   -7.221 
    3    11 TS08   20.1604   99.9961    435.0000    36 PHRA   18.4989  100.2290    186.0000 p    5.146 
    3    12 TS09   18.7397  100.6862    226.0000    38 TS40   17.9901  102.1630    215.0000 p    9.308 
    3    12 TS09   18.7397  100.6862    226.0000    16 NONG   18.0635  103.1458    173.0000 p   13.855 
    3    12 TS09   18.7397  100.6862    226.0000    36 PHRA   18.4989  100.2290    186.0000 p   -1.822 
    3     2 TS12   15.3686  100.9204     99.0000     3 TS13   13.4360   99.6326     84.0000 p   -1.771 
    3     2 TS12   15.3686  100.9204     99.0000    22 TS15   13.5481   99.3346    140.0000 p   -3.401 
    3     2 TS12   15.3686  100.9204     99.0000     5 TS19   14.9661  100.6891     73.0000 p   -0.126 
    3     2 TS12   15.3686  100.9204     99.0000    24 TS20   14.8773   99.8881     36.0000 p   -3.913 
    3     2 TS12   15.3686  100.9204     99.0000     7 TS27   15.4552  101.8616    223.0000 p    4.395 
    3     2 TS12   15.3686  100.9204     99.0000    18 TS34   16.1791  103.1964    162.0000 p    9.348 
    3     2 TS12   15.3686  100.9204     99.0000    35 TS35   16.2424  101.9292    241.0000 p    3.237 
    3     2 TS12   15.3686  100.9204     99.0000    25 SRDT   14.3948   99.1213    202.0000 p   -6.552 
    3     2 TS12   15.3686  100.9204     99.0000     9 NAYO   14.3152  101.3209    106.0000 p    4.409 
    3     3 TS13   13.4360   99.6326     84.0000    22 TS15   13.5481   99.3346    140.0000 p   -1.630 
    3     3 TS13   13.4360   99.6326     84.0000     5 TS19   14.9661  100.6891     73.0000 p    1.645 
    3     3 TS13   13.4360   99.6326     84.0000    24 TS20   14.8773   99.8881     36.0000 p   -2.142 
    3     3 TS13   13.4360   99.6326     84.0000     6 TS24   12.7845  101.3428     29.0000 p   10.509 
    3     3 TS13   13.4360   99.6326     84.0000    25 SRDT   14.3948   99.1213    202.0000 p   -4.781 
    3     3 TS13   13.4360   99.6326     84.0000     9 NAYO   14.3152  101.3209    106.0000 p    6.180 
    3     3 TS13   13.4360   99.6326     84.0000     8 PRAC   12.4726   99.7929     78.0000 p    3.070 
    3    22 TS15   13.5481   99.3346    140.0000     5 TS19   14.9661  100.6891     73.0000 p    3.275 
    3    22 TS15   13.5481   99.3346    140.0000    24 TS20   14.8773   99.8881     36.0000 p   -0.512 
    3    22 TS15   13.5481   99.3346    140.0000     6 TS24   12.7845  101.3428     29.0000 p   12.139 
    3    22 TS15   13.5481   99.3346    140.0000    25 SRDT   14.3948   99.1213    202.0000 p   -3.151 
    3    22 TS15   13.5481   99.3346    140.0000     9 NAYO   14.3152  101.3209    106.0000 p    7.810 
    3    22 TS15   13.5481   99.3346    140.0000     8 PRAC   12.4726   99.7929     78.0000 p    4.700 
    3     5 TS19   14.9661  100.6891     73.0000    24 TS20   14.8773   99.8881     36.0000 p   -3.787 
    3     5 TS19   14.9661  100.6891     73.0000     6 TS24   12.7845  101.3428     29.0000 p    8.864 
    3     5 TS19   14.9661  100.6891     73.0000     7 TS27   15.4552  101.8616    223.0000 p    4.521 
    3     5 TS19   14.9661  100.6891     73.0000    35 TS35   16.2424  101.9292    241.0000 p    3.363 
    3     5 TS19   14.9661  100.6891     73.0000    25 SRDT   14.3948   99.1213    202.0000 p   -6.425 
    3     5 TS19   14.9661  100.6891     73.0000     9 NAYO   14.3152  101.3209    106.0000 p    4.536 
    3    24 TS20   14.8773   99.8881     36.0000     7 TS27   15.4552  101.8616    223.0000 p    8.307 
    3    24 TS20   14.8773   99.8881     36.0000    35 TS35   16.2424  101.9292    241.0000 p    7.150 
    3    24 TS20   14.8773   99.8881     36.0000    25 SRDT   14.3948   99.1213    202.0000 p   -2.639 
    3    24 TS20   14.8773   99.8881     36.0000     9 NAYO   14.3152  101.3209    106.0000 p    8.322 
    3    24 TS20   14.8773   99.8881     36.0000     8 PRAC   12.4726   99.7929     78.0000 p    5.212 
    3     6 TS24   12.7845  101.3428     29.0000     9 NAYO   14.3152  101.3209    106.0000 p   -4.329 
    3     6 TS24   12.7845  101.3428     29.0000     8 PRAC   12.4726   99.7929     78.0000 p   -7.439 
    3     7 TS27   15.4552  101.8616    223.0000    40 TS31   15.4629  103.5586    133.0000 p    8.497 
    3     7 TS27   15.4552  101.8616    223.0000    18 TS34   16.1791  103.1964    162.0000 p    4.954 
    3     7 TS27   15.4552  101.8616    223.0000    35 TS35   16.2424  101.9292    241.0000 p   -1.157 
    3     7 TS27   15.4552  101.8616    223.0000     9 NAYO   14.3152  101.3209    106.0000 p    0.015 
    3    42 TS29   14.6311  104.3205    171.0000    19 TS30   15.3287  104.7581    135.0000 p    0.173 
    3    42 TS29   14.6311  104.3205    171.0000    40 TS31   15.4629  103.5586    133.0000 p   -6.034 
    3    42 TS29   14.6311  104.3205    171.0000    20 TS33   16.0847  104.4066    176.0000 p   -3.672 
    3    42 TS29   14.6311  104.3205    171.0000    18 TS34   16.1791  103.1964    162.0000 p   -9.577 
    3    19 TS30   15.3287  104.7581    135.0000    40 TS31   15.4629  103.5586    133.0000 p   -6.206 
    3    19 TS30   15.3287  104.7581    135.0000    20 TS33   16.0847  104.4066    176.0000 p   -3.844 
    3    19 TS30   15.3287  104.7581    135.0000    18 TS34   16.1791  103.1964    162.0000 p   -9.750 
    3    40 TS31   15.4629  103.5586    133.0000    20 TS33   16.0847  104.4066    176.0000 p    2.362 
    3    40 TS31   15.4629  103.5586    133.0000    18 TS34   16.1791  103.1964    162.0000 p   -3.544 
    3    40 TS31   15.4629  103.5586    133.0000    35 TS35   16.2424  101.9292    241.0000 p   -9.655 
    3    40 TS31   15.4629  103.5586    133.0000     9 NAYO   14.3152  101.3209    106.0000 p   -8.483 
    3    20 TS33   16.0847  104.4066    176.0000    18 TS34   16.1791  103.1964    162.0000 p   -5.906 
    3    20 TS33   16.0847  104.4066    176.0000    35 TS35   16.2424  101.9292    241.0000 p  -12.017 
    3    20 TS33   16.0847  104.4066    176.0000    16 NONG   18.0635  103.1458    173.0000 p  -11.112 
    3    18 TS34   16.1791  103.1964    162.0000    35 TS35   16.2424  101.9292    241.0000 p   -6.111 
    3    18 TS34   16.1791  103.1964    162.0000    38 TS40   17.9901  102.1630    215.0000 p   -9.753 
    3    18 TS34   16.1791  103.1964    162.0000    16 NONG   18.0635  103.1458    173.0000 p   -5.206 
    3    35 TS35   16.2424  101.9292    241.0000    38 TS40   17.9901  102.1630    215.0000 p   -3.642 
    3    35 TS35   16.2424  101.9292    241.0000     9 NAYO   14.3152  101.3209    106.0000 p    1.172 
    3    35 TS35   16.2424  101.9292    241.0000    16 NONG   18.0635  103.1458    173.0000 p    0.905 
    3    38 TS40   17.9901  102.1630    215.0000    16 NONG   18.0635  103.1458    173.0000 p    4.547 
    3    38 TS40   17.9901  102.1630    215.0000    36 PHRA   18.4989  100.2290    186.0000 p  -11.130 
    3    25 SRDT   14.3948   99.1213    202.0000     9 NAYO   14.3152  101.3209    106.0000 p   10.961 
    3    25 SRDT   14.3948   99.1213    202.0000     8 PRAC   12.4726   99.7929     78.0000 p    7.851 
    3    14 MHIT   19.3148   97.9632    270.0000    36 PHRA   18.4989  100.2290    186.0000 p   12.366 
    3     9 NAYO   14.3152  101.3209    106.0000     8 PRAC   12.4726   99.7929     78.0000 p   -3.110 