0 14 21 34
 -40.0000 
  18.8722   19.7200   20.5678   21.4155   22.2633   23.1111   23.9588   24.8066   25.6544   26.5022   27.3500   28.1977   29.0455   29.8933   30.7411   31.5888   32.4366   33.2844   34.1322   34.9800   35.8278 
  83.6334   84.5000   85.3666   86.2332   87.0998   87.9665   88.8331   89.6997   90.5663   91.4329   92.2995   93.1661   94.0327   94.8994   95.7660   96.6326   97.4992   98.3658   99.2324  100.0990  100.9656  101.8323  102.6989  103.5655  104.4321  105.2987  106.1653  107.0319  107.8985  108.7652  109.6318  110.4984  111.3650  112.2316 
 -20.0000 
  18.8722   19.7200   20.5678   21.4155   22.2633   23.1111   23.9588   24.8066   25.6544   26.5022   27.3500   28.1977   29.0455   29.8933   30.7411   31.5888   32.4366   33.2844   34.1322   34.9800   35.8278 
  83.6334   84.5000   85.3666   86.2332   87.0998   87.9665   88.8331   89.6997   90.5663   91.4329   92.2995   93.1661   94.0327   94.8994   95.7660   96.6326   97.4992   98.3658   99.2324  100.0990  100.9656  101.8323  102.6989  103.5655  104.4321  105.2987  106.1653  107.0319  107.8985  108.7652  109.6318  110.4984  111.3650  112.2316 
   0.0000 
  18.8722   19.7200   20.5678   21.4155   22.2633   23.1111   23.9588   24.8066   25.6544   26.5022   27.3500   28.1977   29.0455   29.8933   30.7411   31.5888   32.4366   33.2844   34.1322   34.9800   35.8278 
  83.6334   84.5000   85.3666   86.2332   87.0998   87.9665   88.8331   89.6997   90.5663   91.4329   92.2995   93.1661   94.0327   94.8994   95.7660   96.6326   97.4992   98.3658   99.2324  100.0990  100.9656  101.8323  102.6989  103.5655  104.4321  105.2987  106.1653  107.0319  107.8985  108.7652  109.6318  110.4984  111.3650  112.2316 
  50.0000 
  18.8722   19.7200   20.5678   21.4155   22.2633   23.1111   23.9588   24.8066   25.6544   26.5022   27.3500   28.1977   29.0455   29.8933   30.7411   31.5888   32.4366   33.2844   34.1322   34.9800   35.8278 
  83.6334   84.5000   85.3666   86.2332   87.0998   87.9665   88.8331   89.6997   90.5663   91.4329   92.2995   93.1661   94.0327   94.8994   95.7660   96.6326   97.4992   98.3658   99.2324  100.0990  100.9656  101.8323  102.6989  103.5655  104.4321  105.2987  106.1653  107.0319  107.8985  108.7652  109.6318  110.4984  111.3650  112.2316 
 100.0000 
  18.8722   19.7200   20.5678   21.4155   22.2633   23.1111   23.9588   24.8066   25.6544   26.5022   27.3500   28.1977   29.0455   29.8933   30.7411   31.5888   32.4366   33.2844   34.1322   34.9800   35.8278 
  83.6334   84.5000   85.3666   86.2332   87.0998   87.9665   88.8331   89.6997   90.5663   91.4329   92.2995   93.1661   94.0327   94.8994   95.7660   96.6326   97.4992   98.3658   99.2324  100.0990  100.9656  101.8323  102.6989  103.5655  104.4321  105.2987  106.1653  107.0319  107.8985  108.7652  109.6318  110.4984  111.3650  112.2316 
 150.0000 
  18.8722   19.7200   20.5678   21.4155   22.2633   23.1111   23.9588   24.8066   25.6544   26.5022   27.3500   28.1977   29.0455   29.8933   30.7411   31.5888   32.4366   33.2844   34.1322   34.9800   35.8278 
  83.6334   84.5000   85.3666   86.2332   87.0998   87.9665   88.8331   89.6997   90.5663   91.4329   92.2995   93.1661   94.0327   94.8994   95.7660   96.6326   97.4992   98.3658   99.2324  100.0990  100.9656  101.8323  102.6989  103.5655  104.4321  105.2987  106.1653  107.0319  107.8985  108.7652  109.6318  110.4984  111.3650  112.2316 
 200.0000 
  18.8722   19.7200   20.5678   21.4155   22.2633   23.1111   23.9588   24.8066   25.6544   26.5022   27.3500   28.1977   29.0455   29.8933   30.7411   31.5888   32.4366   33.2844   34.1322   34.9800   35.8278 
  83.6334   84.5000   85.3666   86.2332   87.0998   87.9665   88.8331   89.6997   90.5663   91.4329   92.2995   93.1661   94.0327   94.8994   95.7660   96.6326   97.4992   98.3658   99.2324  100.0990  100.9656  101.8323  102.6989  103.5655  104.4321  105.2987  106.1653  107.0319  107.8985  108.7652  109.6318  110.4984  111.3650  112.2316 
 250.0000 
  18.8722   19.7200   20.5678   21.4155   22.2633   23.1111   23.9588   24.8066   25.6544   26.5022   27.3500   28.1977   29.0455   29.8933   30.7411   31.5888   32.4366   33.2844   34.1322   34.9800   35.8278 
  83.6334   84.5000   85.3666   86.2332   87.0998   87.9665   88.8331   89.6997   90.5663   91.4329   92.2995   93.1661   94.0327   94.8994   95.7660   96.6326   97.4992   98.3658   99.2324  100.0990  100.9656  101.8323  102.6989  103.5655  104.4321  105.2987  106.1653  107.0319  107.8985  108.7652  109.6318  110.4984  111.3650  112.2316 
 300.0000 
  18.8722   19.7200   20.5678   21.4155   22.2633   23.1111   23.9588   24.8066   25.6544   26.5022   27.3500   28.1977   29.0455   29.8933   30.7411   31.5888   32.4366   33.2844   34.1322   34.9800   35.8278 
  83.6334   84.5000   85.3666   86.2332   87.0998   87.9665   88.8331   89.6997   90.5663   91.4329   92.2995   93.1661   94.0327   94.8994   95.7660   96.6326   97.4992   98.3658   99.2324  100.0990  100.9656  101.8323  102.6989  103.5655  104.4321  105.2987  106.1653  107.0319  107.8985  108.7652  109.6318  110.4984  111.3650  112.2316 
 375.0000 
  18.8722   19.7200   20.5678   21.4155   22.2633   23.1111   23.9588   24.8066   25.6544   26.5022   27.3500   28.1977   29.0455   29.8933   30.7411   31.5888   32.4366   33.2844   34.1322   34.9800   35.8278 
  83.6334   84.5000   85.3666   86.2332   87.0998   87.9665   88.8331   89.6997   90.5663   91.4329   92.2995   93.1661   94.0327   94.8994   95.7660   96.6326   97.4992   98.3658   99.2324  100.0990  100.9656  101.8323  102.6989  103.5655  104.4321  105.2987  106.1653  107.0319  107.8985  108.7652  109.6318  110.4984  111.3650  112.2316 
 450.0000 
  18.8722   19.7200   20.5678   21.4155   22.2633   23.1111   23.9588   24.8066   25.6544   26.5022   27.3500   28.1977   29.0455   29.8933   30.7411   31.5888   32.4366   33.2844   34.1322   34.9800   35.8278 
  83.6334   84.5000   85.3666   86.2332   87.0998   87.9665   88.8331   89.6997   90.5663   91.4329   92.2995   93.1661   94.0327   94.8994   95.7660   96.6326   97.4992   98.3658   99.2324  100.0990  100.9656  101.8323  102.6989  103.5655  104.4321  105.2987  106.1653  107.0319  107.8985  108.7652  109.6318  110.4984  111.3650  112.2316 
 525.0000 
  18.8722   19.7200   20.5678   21.4155   22.2633   23.1111   23.9588   24.8066   25.6544   26.5022   27.3500   28.1977   29.0455   29.8933   30.7411   31.5888   32.4366   33.2844   34.1322   34.9800   35.8278 
  83.6334   84.5000   85.3666   86.2332   87.0998   87.9665   88.8331   89.6997   90.5663   91.4329   92.2995   93.1661   94.0327   94.8994   95.7660   96.6326   97.4992   98.3658   99.2324  100.0990  100.9656  101.8323  102.6989  103.5655  104.4321  105.2987  106.1653  107.0319  107.8985  108.7652  109.6318  110.4984  111.3650  112.2316 
 600.0000 
  18.8722   19.7200   20.5678   21.4155   22.2633   23.1111   23.9588   24.8066   25.6544   26.5022   27.3500   28.1977   29.0455   29.8933   30.7411   31.5888   32.4366   33.2844   34.1322   34.9800   35.8278 
  83.6334   84.5000   85.3666   86.2332   87.0998   87.9665   88.8331   89.6997   90.5663   91.4329   92.2995   93.1661   94.0327   94.8994   95.7660   96.6326   97.4992   98.3658   99.2324  100.0990  100.9656  101.8323  102.6989  103.5655  104.4321  105.2987  106.1653  107.0319  107.8985  108.7652  109.6318  110.4984  111.3650  112.2316 
 675.0000 
  18.8722   19.7200   20.5678   21.4155   22.2633   23.1111   23.9588   24.8066   25.6544   26.5022   27.3500   28.1977   29.0455   29.8933   30.7411   31.5888   32.4366   33.2844   34.1322   34.9800   35.8278 
  83.6334   84.5000   85.3666   86.2332   87.0998   87.9665   88.8331   89.6997   90.5663   91.4329   92.2995   93.1661   94.0327   94.8994   95.7660   96.6326   97.4992   98.3658   99.2324  100.0990  100.9656  101.8323  102.6989  103.5655  104.4321  105.2987  106.1653  107.0319  107.8985  108.7652  109.6318  110.4984  111.3650  112.2316 
1 14 21 34
 -44.0000 
  18.7026   19.5504   20.3983   21.2459   22.0937   22.9416   23.7892   24.6370   25.4848   26.3326   27.1805   28.0281   28.8759   29.7237   30.5716   31.4192   32.2670   33.1148   33.9626   34.8104   35.6582 
  83.4601   84.3267   85.1933   86.0599   86.9265   87.7931   88.6597   89.5264   90.3930   91.2596   92.1262   92.9928   93.8594   94.7260   95.5926   96.4593   97.3259   98.1925   99.0591   99.9257  100.7923  101.6589  102.5255  103.3922  104.2588  105.1254  105.9920  106.8586  107.7252  108.5918  109.4585  110.3251  111.1917  112.0583 
 -24.0000 
  18.7026   19.5504   20.3983   21.2459   22.0937   22.9416   23.7892   24.6370   25.4848   26.3326   27.1805   28.0281   28.8759   29.7237   30.5716   31.4192   32.2670   33.1148   33.9626   34.8104   35.6582 
  83.4601   84.3267   85.1933   86.0599   86.9265   87.7931   88.6597   89.5264   90.3930   91.2596   92.1262   92.9928   93.8594   94.7260   95.5926   96.4593   97.3259   98.1925   99.0591   99.9257  100.7923  101.6589  102.5255  103.3922  104.2588  105.1254  105.9920  106.8586  107.7252  108.5918  109.4585  110.3251  111.1917  112.0583 
 -10.0000 
  18.7026   19.5504   20.3983   21.2459   22.0937   22.9416   23.7892   24.6370   25.4848   26.3326   27.1805   28.0281   28.8759   29.7237   30.5716   31.4192   32.2670   33.1148   33.9626   34.8104   35.6582 
  83.4601   84.3267   85.1933   86.0599   86.9265   87.7931   88.6597   89.5264   90.3930   91.2596   92.1262   92.9928   93.8594   94.7260   95.5926   96.4593   97.3259   98.1925   99.0591   99.9257  100.7923  101.6589  102.5255  103.3922  104.2588  105.1254  105.9920  106.8586  107.7252  108.5918  109.4585  110.3251  111.1917  112.0583 
  40.0000 
  18.7026   19.5504   20.3983   21.2459   22.0937   22.9416   23.7892   24.6370   25.4848   26.3326   27.1805   28.0281   28.8759   29.7237   30.5716   31.4192   32.2670   33.1148   33.9626   34.8104   35.6582 
  83.4601   84.3267   85.1933   86.0599   86.9265   87.7931   88.6597   89.5264   90.3930   91.2596   92.1262   92.9928   93.8594   94.7260   95.5926   96.4593   97.3259   98.1925   99.0591   99.9257  100.7923  101.6589  102.5255  103.3922  104.2588  105.1254  105.9920  106.8586  107.7252  108.5918  109.4585  110.3251  111.1917  112.0583 
  90.0000 
  18.7026   19.5504   20.3983   21.2459   22.0937   22.9416   23.7892   24.6370   25.4848   26.3326   27.1805   28.0281   28.8759   29.7237   30.5716   31.4192   32.2670   33.1148   33.9626   34.8104   35.6582 
  83.4601   84.3267   85.1933   86.0599   86.9265   87.7931   88.6597   89.5264   90.3930   91.2596   92.1262   92.9928   93.8594   94.7260   95.5926   96.4593   97.3259   98.1925   99.0591   99.9257  100.7923  101.6589  102.5255  103.3922  104.2588  105.1254  105.9920  106.8586  107.7252  108.5918  109.4585  110.3251  111.1917  112.0583 
 140.0000 
  18.7026   19.5504   20.3983   21.2459   22.0937   22.9416   23.7892   24.6370   25.4848   26.3326   27.1805   28.0281   28.8759   29.7237   30.5716   31.4192   32.2670   33.1148   33.9626   34.8104   35.6582 
  83.4601   84.3267   85.1933   86.0599   86.9265   87.7931   88.6597   89.5264   90.3930   91.2596   92.1262   92.9928   93.8594   94.7260   95.5926   96.4593   97.3259   98.1925   99.0591   99.9257  100.7923  101.6589  102.5255  103.3922  104.2588  105.1254  105.9920  106.8586  107.7252  108.5918  109.4585  110.3251  111.1917  112.0583 
 190.0000 
  18.7026   19.5504   20.3983   21.2459   22.0937   22.9416   23.7892   24.6370   25.4848   26.3326   27.1805   28.0281   28.8759   29.7237   30.5716   31.4192   32.2670   33.1148   33.9626   34.8104   35.6582 
  83.4601   84.3267   85.1933   86.0599   86.9265   87.7931   88.6597   89.5264   90.3930   91.2596   92.1262   92.9928   93.8594   94.7260   95.5926   96.4593   97.3259   98.1925   99.0591   99.9257  100.7923  101.6589  102.5255  103.3922  104.2588  105.1254  105.9920  106.8586  107.7252  108.5918  109.4585  110.3251  111.1917  112.0583 
 240.0000 
  18.7026   19.5504   20.3983   21.2459   22.0937   22.9416   23.7892   24.6370   25.4848   26.3326   27.1805   28.0281   28.8759   29.7237   30.5716   31.4192   32.2670   33.1148   33.9626   34.8104   35.6582 
  83.4601   84.3267   85.1933   86.0599   86.9265   87.7931   88.6597   89.5264   90.3930   91.2596   92.1262   92.9928   93.8594   94.7260   95.5926   96.4593   97.3259   98.1925   99.0591   99.9257  100.7923  101.6589  102.5255  103.3922  104.2588  105.1254  105.9920  106.8586  107.7252  108.5918  109.4585  110.3251  111.1917  112.0583 
 285.0000 
  18.7026   19.5504   20.3983   21.2459   22.0937   22.9416   23.7892   24.6370   25.4848   26.3326   27.1805   28.0281   28.8759   29.7237   30.5716   31.4192   32.2670   33.1148   33.9626   34.8104   35.6582 
  83.4601   84.3267   85.1933   86.0599   86.9265   87.7931   88.6597   89.5264   90.3930   91.2596   92.1262   92.9928   93.8594   94.7260   95.5926   96.4593   97.3259   98.1925   99.0591   99.9257  100.7923  101.6589  102.5255  103.3922  104.2588  105.1254  105.9920  106.8586  107.7252  108.5918  109.4585  110.3251  111.1917  112.0583 
 360.0000 
  18.7026   19.5504   20.3983   21.2459   22.0937   22.9416   23.7892   24.6370   25.4848   26.3326   27.1805   28.0281   28.8759   29.7237   30.5716   31.4192   32.2670   33.1148   33.9626   34.8104   35.6582 
  83.4601   84.3267   85.1933   86.0599   86.9265   87.7931   88.6597   89.5264   90.3930   91.2596   92.1262   92.9928   93.8594   94.7260   95.5926   96.4593   97.3259   98.1925   99.0591   99.9257  100.7923  101.6589  102.5255  103.3922  104.2588  105.1254  105.9920  106.8586  107.7252  108.5918  109.4585  110.3251  111.1917  112.0583 
 435.0000 
  18.7026   19.5504   20.3983   21.2459   22.0937   22.9416   23.7892   24.6370   25.4848   26.3326   27.1805   28.0281   28.8759   29.7237   30.5716   31.4192   32.2670   33.1148   33.9626   34.8104   35.6582 
  83.4601   84.3267   85.1933   86.0599   86.9265   87.7931   88.6597   89.5264   90.3930   91.2596   92.1262   92.9928   93.8594   94.7260   95.5926   96.4593   97.3259   98.1925   99.0591   99.9257  100.7923  101.6589  102.5255  103.3922  104.2588  105.1254  105.9920  106.8586  107.7252  108.5918  109.4585  110.3251  111.1917  112.0583 
 510.0000 
  18.7026   19.5504   20.3983   21.2459   22.0937   22.9416   23.7892   24.6370   25.4848   26.3326   27.1805   28.0281   28.8759   29.7237   30.5716   31.4192   32.2670   33.1148   33.9626   34.8104   35.6582 
  83.4601   84.3267   85.1933   86.0599   86.9265   87.7931   88.6597   89.5264   90.3930   91.2596   92.1262   92.9928   93.8594   94.7260   95.5926   96.4593   97.3259   98.1925   99.0591   99.9257  100.7923  101.6589  102.5255  103.3922  104.2588  105.1254  105.9920  106.8586  107.7252  108.5918  109.4585  110.3251  111.1917  112.0583 
 585.0000 
  18.7026   19.5504   20.3983   21.2459   22.0937   22.9416   23.7892   24.6370   25.4848   26.3326   27.1805   28.0281   28.8759   29.7237   30.5716   31.4192   32.2670   33.1148   33.9626   34.8104   35.6582 
  83.4601   84.3267   85.1933   86.0599   86.9265   87.7931   88.6597   89.5264   90.3930   91.2596   92.1262   92.9928   93.8594   94.7260   95.5926   96.4593   97.3259   98.1925   99.0591   99.9257  100.7923  101.6589  102.5255  103.3922  104.2588  105.1254  105.9920  106.8586  107.7252  108.5918  109.4585  110.3251  111.1917  112.0583 
 660.0000 
  18.7026   19.5504   20.3983   21.2459   22.0937   22.9416   23.7892   24.6370   25.4848   26.3326   27.1805   28.0281   28.8759   29.7237   30.5716   31.4192   32.2670   33.1148   33.9626   34.8104   35.6582 
  83.4601   84.3267   85.1933   86.0599   86.9265   87.7931   88.6597   89.5264   90.3930   91.2596   92.1262   92.9928   93.8594   94.7260   95.5926   96.4593   97.3259   98.1925   99.0591   99.9257  100.7923  101.6589  102.5255  103.3922  104.2588  105.1254  105.9920  106.8586  107.7252  108.5918  109.4585  110.3251  111.1917  112.0583 
2 14 21 34
 -48.0000 
  18.5331   19.3809   20.2287   21.0764   21.9242   22.7720   23.6197   24.4675   25.3153   26.1631   27.0109   27.8586   28.7064   29.5542   30.4020   31.2497   32.0975   32.9453   33.7931   34.6409   35.4887 
  83.2867   84.1534   85.0200   85.8866   86.7532   87.6198   88.4864   89.3530   90.2196   91.0863   91.9529   92.8195   93.6861   94.5527   95.4193   96.2859   97.1525   98.0192   98.8858   99.7524  100.6190  101.4856  102.3522  103.2188  104.0855  104.9521  105.8187  106.6853  107.5519  108.4185  109.2851  110.1517  111.0184  111.8850 
 -28.0000 
  18.5331   19.3809   20.2287   21.0764   21.9242   22.7720   23.6197   24.4675   25.3153   26.1631   27.0109   27.8586   28.7064   29.5542   30.4020   31.2497   32.0975   32.9453   33.7931   34.6409   35.4887 
  83.2867   84.1534   85.0200   85.8866   86.7532   87.6198   88.4864   89.3530   90.2196   91.0863   91.9529   92.8195   93.6861   94.5527   95.4193   96.2859   97.1525   98.0192   98.8858   99.7524  100.6190  101.4856  102.3522  103.2188  104.0855  104.9521  105.8187  106.6853  107.5519  108.4185  109.2851  110.1517  111.0184  111.8850 
 -20.0000 
  18.5331   19.3809   20.2287   21.0764   21.9242   22.7720   23.6197   24.4675   25.3153   26.1631   27.0109   27.8586   28.7064   29.5542   30.4020   31.2497   32.0975   32.9453   33.7931   34.6409   35.4887 
  83.2867   84.1534   85.0200   85.8866   86.7532   87.6198   88.4864   89.3530   90.2196   91.0863   91.9529   92.8195   93.6861   94.5527   95.4193   96.2859   97.1525   98.0192   98.8858   99.7524  100.6190  101.4856  102.3522  103.2188  104.0855  104.9521  105.8187  106.6853  107.5519  108.4185  109.2851  110.1517  111.0184  111.8850 
  30.0000 
  18.5331   19.3809   20.2287   21.0764   21.9242   22.7720   23.6197   24.4675   25.3153   26.1631   27.0109   27.8586   28.7064   29.5542   30.4020   31.2497   32.0975   32.9453   33.7931   34.6409   35.4887 
  83.2867   84.1534   85.0200   85.8866   86.7532   87.6198   88.4864   89.3530   90.2196   91.0863   91.9529   92.8195   93.6861   94.5527   95.4193   96.2859   97.1525   98.0192   98.8858   99.7524  100.6190  101.4856  102.3522  103.2188  104.0855  104.9521  105.8187  106.6853  107.5519  108.4185  109.2851  110.1517  111.0184  111.8850 
  80.0000 
  18.5331   19.3809   20.2287   21.0764   21.9242   22.7720   23.6197   24.4675   25.3153   26.1631   27.0109   27.8586   28.7064   29.5542   30.4020   31.2497   32.0975   32.9453   33.7931   34.6409   35.4887 
  83.2867   84.1534   85.0200   85.8866   86.7532   87.6198   88.4864   89.3530   90.2196   91.0863   91.9529   92.8195   93.6861   94.5527   95.4193   96.2859   97.1525   98.0192   98.8858   99.7524  100.6190  101.4856  102.3522  103.2188  104.0855  104.9521  105.8187  106.6853  107.5519  108.4185  109.2851  110.1517  111.0184  111.8850 
 130.0000 
  18.5331   19.3809   20.2287   21.0764   21.9242   22.7720   23.6197   24.4675   25.3153   26.1631   27.0109   27.8586   28.7064   29.5542   30.4020   31.2497   32.0975   32.9453   33.7931   34.6409   35.4887 
  83.2867   84.1534   85.0200   85.8866   86.7532   87.6198   88.4864   89.3530   90.2196   91.0863   91.9529   92.8195   93.6861   94.5527   95.4193   96.2859   97.1525   98.0192   98.8858   99.7524  100.6190  101.4856  102.3522  103.2188  104.0855  104.9521  105.8187  106.6853  107.5519  108.4185  109.2851  110.1517  111.0184  111.8850 
 180.0000 
  18.5331   19.3809   20.2287   21.0764   21.9242   22.7720   23.6197   24.4675   25.3153   26.1631   27.0109   27.8586   28.7064   29.5542   30.4020   31.2497   32.0975   32.9453   33.7931   34.6409   35.4887 
  83.2867   84.1534   85.0200   85.8866   86.7532   87.6198   88.4864   89.3530   90.2196   91.0863   91.9529   92.8195   93.6861   94.5527   95.4193   96.2859   97.1525   98.0192   98.8858   99.7524  100.6190  101.4856  102.3522  103.2188  104.0855  104.9521  105.8187  106.6853  107.5519  108.4185  109.2851  110.1517  111.0184  111.8850 
 230.0000 
  18.5331   19.3809   20.2287   21.0764   21.9242   22.7720   23.6197   24.4675   25.3153   26.1631   27.0109   27.8586   28.7064   29.5542   30.4020   31.2497   32.0975   32.9453   33.7931   34.6409   35.4887 
  83.2867   84.1534   85.0200   85.8866   86.7532   87.6198   88.4864   89.3530   90.2196   91.0863   91.9529   92.8195   93.6861   94.5527   95.4193   96.2859   97.1525   98.0192   98.8858   99.7524  100.6190  101.4856  102.3522  103.2188  104.0855  104.9521  105.8187  106.6853  107.5519  108.4185  109.2851  110.1517  111.0184  111.8850 
 270.0000 
  18.5331   19.3809   20.2287   21.0764   21.9242   22.7720   23.6197   24.4675   25.3153   26.1631   27.0109   27.8586   28.7064   29.5542   30.4020   31.2497   32.0975   32.9453   33.7931   34.6409   35.4887 
  83.2867   84.1534   85.0200   85.8866   86.7532   87.6198   88.4864   89.3530   90.2196   91.0863   91.9529   92.8195   93.6861   94.5527   95.4193   96.2859   97.1525   98.0192   98.8858   99.7524  100.6190  101.4856  102.3522  103.2188  104.0855  104.9521  105.8187  106.6853  107.5519  108.4185  109.2851  110.1517  111.0184  111.8850 
 345.0000 
  18.5331   19.3809   20.2287   21.0764   21.9242   22.7720   23.6197   24.4675   25.3153   26.1631   27.0109   27.8586   28.7064   29.5542   30.4020   31.2497   32.0975   32.9453   33.7931   34.6409   35.4887 
  83.2867   84.1534   85.0200   85.8866   86.7532   87.6198   88.4864   89.3530   90.2196   91.0863   91.9529   92.8195   93.6861   94.5527   95.4193   96.2859   97.1525   98.0192   98.8858   99.7524  100.6190  101.4856  102.3522  103.2188  104.0855  104.9521  105.8187  106.6853  107.5519  108.4185  109.2851  110.1517  111.0184  111.8850 
 420.0000 
  18.5331   19.3809   20.2287   21.0764   21.9242   22.7720   23.6197   24.4675   25.3153   26.1631   27.0109   27.8586   28.7064   29.5542   30.4020   31.2497   32.0975   32.9453   33.7931   34.6409   35.4887 
  83.2867   84.1534   85.0200   85.8866   86.7532   87.6198   88.4864   89.3530   90.2196   91.0863   91.9529   92.8195   93.6861   94.5527   95.4193   96.2859   97.1525   98.0192   98.8858   99.7524  100.6190  101.4856  102.3522  103.2188  104.0855  104.9521  105.8187  106.6853  107.5519  108.4185  109.2851  110.1517  111.0184  111.8850 
 495.0000 
  18.5331   19.3809   20.2287   21.0764   21.9242   22.7720   23.6197   24.4675   25.3153   26.1631   27.0109   27.8586   28.7064   29.5542   30.4020   31.2497   32.0975   32.9453   33.7931   34.6409   35.4887 
  83.2867   84.1534   85.0200   85.8866   86.7532   87.6198   88.4864   89.3530   90.2196   91.0863   91.9529   92.8195   93.6861   94.5527   95.4193   96.2859   97.1525   98.0192   98.8858   99.7524  100.6190  101.4856  102.3522  103.2188  104.0855  104.9521  105.8187  106.6853  107.5519  108.4185  109.2851  110.1517  111.0184  111.8850 
 570.0000 
  18.5331   19.3809   20.2287   21.0764   21.9242   22.7720   23.6197   24.4675   25.3153   26.1631   27.0109   27.8586   28.7064   29.5542   30.4020   31.2497   32.0975   32.9453   33.7931   34.6409   35.4887 
  83.2867   84.1534   85.0200   85.8866   86.7532   87.6198   88.4864   89.3530   90.2196   91.0863   91.9529   92.8195   93.6861   94.5527   95.4193   96.2859   97.1525   98.0192   98.8858   99.7524  100.6190  101.4856  102.3522  103.2188  104.0855  104.9521  105.8187  106.6853  107.5519  108.4185  109.2851  110.1517  111.0184  111.8850 
 645.0000 
  18.5331   19.3809   20.2287   21.0764   21.9242   22.7720   23.6197   24.4675   25.3153   26.1631   27.0109   27.8586   28.7064   29.5542   30.4020   31.2497   32.0975   32.9453   33.7931   34.6409   35.4887 
  83.2867   84.1534   85.0200   85.8866   86.7532   87.6198   88.4864   89.3530   90.2196   91.0863   91.9529   92.8195   93.6861   94.5527   95.4193   96.2859   97.1525   98.0192   98.8858   99.7524  100.6190  101.4856  102.3522  103.2188  104.0855  104.9521  105.8187  106.6853  107.5519  108.4185  109.2851  110.1517  111.0184  111.8850 
3 14 21 34
 -52.0000 
  18.3635   19.2113   20.0592   20.9068   21.7546   22.6025   23.4501   24.2979   25.1457   25.9935   26.8414   27.6890   28.5368   29.3846   30.2325   31.0801   31.9279   32.7757   33.6235   34.4713   35.3191 
  83.1134   83.9800   84.8466   85.7133   86.5799   87.4465   88.3131   89.1797   90.0463   90.9129   91.7795   92.6462   93.5128   94.3794   95.2460   96.1126   96.9792   97.8458   98.7125   99.5791  100.4457  101.3123  102.1789  103.0455  103.9121  104.7787  105.6454  106.5120  107.3786  108.2452  109.1118  109.9784  110.8450  111.7116 
 -32.0000 
  18.3635   19.2113   20.0592   20.9068   21.7546   22.6025   23.4501   24.2979   25.1457   25.9935   26.8414   27.6890   28.5368   29.3846   30.2325   31.0801   31.9279   32.7757   33.6235   34.4713   35.3191 
  83.1134   83.9800   84.8466   85.7133   86.5799   87.4465   88.3131   89.1797   90.0463   90.9129   91.7795   92.6462   93.5128   94.3794   95.2460   96.1126   96.9792   97.8458   98.7125   99.5791  100.4457  101.3123  102.1789  103.0455  103.9121  104.7787  105.6454  106.5120  107.3786  108.2452  109.1118  109.9784  110.8450  111.7116 
 -30.0000 
  18.3635   19.2113   20.0592   20.9068   21.7546   22.6025   23.4501   24.2979   25.1457   25.9935   26.8414   27.6890   28.5368   29.3846   30.2325   31.0801   31.9279   32.7757   33.6235   34.4713   35.3191 
  83.1134   83.9800   84.8466   85.7133   86.5799   87.4465   88.3131   89.1797   90.0463   90.9129   91.7795   92.6462   93.5128   94.3794   95.2460   96.1126   96.9792   97.8458   98.7125   99.5791  100.4457  101.3123  102.1789  103.0455  103.9121  104.7787  105.6454  106.5120  107.3786  108.2452  109.1118  109.9784  110.8450  111.7116 
  20.0000 
  18.3635   19.2113   20.0592   20.9068   21.7546   22.6025   23.4501   24.2979   25.1457   25.9935   26.8414   27.6890   28.5368   29.3846   30.2325   31.0801   31.9279   32.7757   33.6235   34.4713   35.3191 
  83.1134   83.9800   84.8466   85.7133   86.5799   87.4465   88.3131   89.1797   90.0463   90.9129   91.7795   92.6462   93.5128   94.3794   95.2460   96.1126   96.9792   97.8458   98.7125   99.5791  100.4457  101.3123  102.1789  103.0455  103.9121  104.7787  105.6454  106.5120  107.3786  108.2452  109.1118  109.9784  110.8450  111.7116 
  70.0000 
  18.3635   19.2113   20.0592   20.9068   21.7546   22.6025   23.4501   24.2979   25.1457   25.9935   26.8414   27.6890   28.5368   29.3846   30.2325   31.0801   31.9279   32.7757   33.6235   34.4713   35.3191 
  83.1134   83.9800   84.8466   85.7133   86.5799   87.4465   88.3131   89.1797   90.0463   90.9129   91.7795   92.6462   93.5128   94.3794   95.2460   96.1126   96.9792   97.8458   98.7125   99.5791  100.4457  101.3123  102.1789  103.0455  103.9121  104.7787  105.6454  106.5120  107.3786  108.2452  109.1118  109.9784  110.8450  111.7116 
 120.0000 
  18.3635   19.2113   20.0592   20.9068   21.7546   22.6025   23.4501   24.2979   25.1457   25.9935   26.8414   27.6890   28.5368   29.3846   30.2325   31.0801   31.9279   32.7757   33.6235   34.4713   35.3191 
  83.1134   83.9800   84.8466   85.7133   86.5799   87.4465   88.3131   89.1797   90.0463   90.9129   91.7795   92.6462   93.5128   94.3794   95.2460   96.1126   96.9792   97.8458   98.7125   99.5791  100.4457  101.3123  102.1789  103.0455  103.9121  104.7787  105.6454  106.5120  107.3786  108.2452  109.1118  109.9784  110.8450  111.7116 
 170.0000 
  18.3635   19.2113   20.0592   20.9068   21.7546   22.6025   23.4501   24.2979   25.1457   25.9935   26.8414   27.6890   28.5368   29.3846   30.2325   31.0801   31.9279   32.7757   33.6235   34.4713   35.3191 
  83.1134   83.9800   84.8466   85.7133   86.5799   87.4465   88.3131   89.1797   90.0463   90.9129   91.7795   92.6462   93.5128   94.3794   95.2460   96.1126   96.9792   97.8458   98.7125   99.5791  100.4457  101.3123  102.1789  103.0455  103.9121  104.7787  105.6454  106.5120  107.3786  108.2452  109.1118  109.9784  110.8450  111.7116 
 220.0000 
  18.3635   19.2113   20.0592   20.9068   21.7546   22.6025   23.4501   24.2979   25.1457   25.9935   26.8414   27.6890   28.5368   29.3846   30.2325   31.0801   31.9279   32.7757   33.6235   34.4713   35.3191 
  83.1134   83.9800   84.8466   85.7133   86.5799   87.4465   88.3131   89.1797   90.0463   90.9129   91.7795   92.6462   93.5128   94.3794   95.2460   96.1126   96.9792   97.8458   98.7125   99.5791  100.4457  101.3123  102.1789  103.0455  103.9121  104.7787  105.6454  106.5120  107.3786  108.2452  109.1118  109.9784  110.8450  111.7116 
 255.0000 
  18.3635   19.2113   20.0592   20.9068   21.7546   22.6025   23.4501   24.2979   25.1457   25.9935   26.8414   27.6890   28.5368   29.3846   30.2325   31.0801   31.9279   32.7757   33.6235   34.4713   35.3191 
  83.1134   83.9800   84.8466   85.7133   86.5799   87.4465   88.3131   89.1797   90.0463   90.9129   91.7795   92.6462   93.5128   94.3794   95.2460   96.1126   96.9792   97.8458   98.7125   99.5791  100.4457  101.3123  102.1789  103.0455  103.9121  104.7787  105.6454  106.5120  107.3786  108.2452  109.1118  109.9784  110.8450  111.7116 
 330.0000 
  18.3635   19.2113   20.0592   20.9068   21.7546   22.6025   23.4501   24.2979   25.1457   25.9935   26.8414   27.6890   28.5368   29.3846   30.2325   31.0801   31.9279   32.7757   33.6235   34.4713   35.3191 
  83.1134   83.9800   84.8466   85.7133   86.5799   87.4465   88.3131   89.1797   90.0463   90.9129   91.7795   92.6462   93.5128   94.3794   95.2460   96.1126   96.9792   97.8458   98.7125   99.5791  100.4457  101.3123  102.1789  103.0455  103.9121  104.7787  105.6454  106.5120  107.3786  108.2452  109.1118  109.9784  110.8450  111.7116 
 405.0000 
  18.3635   19.2113   20.0592   20.9068   21.7546   22.6025   23.4501   24.2979   25.1457   25.9935   26.8414   27.6890   28.5368   29.3846   30.2325   31.0801   31.9279   32.7757   33.6235   34.4713   35.3191 
  83.1134   83.9800   84.8466   85.7133   86.5799   87.4465   88.3131   89.1797   90.0463   90.9129   91.7795   92.6462   93.5128   94.3794   95.2460   96.1126   96.9792   97.8458   98.7125   99.5791  100.4457  101.3123  102.1789  103.0455  103.9121  104.7787  105.6454  106.5120  107.3786  108.2452  109.1118  109.9784  110.8450  111.7116 
 480.0000 
  18.3635   19.2113   20.0592   20.9068   21.7546   22.6025   23.4501   24.2979   25.1457   25.9935   26.8414   27.6890   28.5368   29.3846   30.2325   31.0801   31.9279   32.7757   33.6235   34.4713   35.3191 
  83.1134   83.9800   84.8466   85.7133   86.5799   87.4465   88.3131   89.1797   90.0463   90.9129   91.7795   92.6462   93.5128   94.3794   95.2460   96.1126   96.9792   97.8458   98.7125   99.5791  100.4457  101.3123  102.1789  103.0455  103.9121  104.7787  105.6454  106.5120  107.3786  108.2452  109.1118  109.9784  110.8450  111.7116 
 555.0000 
  18.3635   19.2113   20.0592   20.9068   21.7546   22.6025   23.4501   24.2979   25.1457   25.9935   26.8414   27.6890   28.5368   29.3846   30.2325   31.0801   31.9279   32.7757   33.6235   34.4713   35.3191 
  83.1134   83.9800   84.8466   85.7133   86.5799   87.4465   88.3131   89.1797   90.0463   90.9129   91.7795   92.6462   93.5128   94.3794   95.2460   96.1126   96.9792   97.8458   98.7125   99.5791  100.4457  101.3123  102.1789  103.0455  103.9121  104.7787  105.6454  106.5120  107.3786  108.2452  109.1118  109.9784  110.8450  111.7116 
 630.0000 
  18.3635   19.2113   20.0592   20.9068   21.7546   22.6025   23.4501   24.2979   25.1457   25.9935   26.8414   27.6890   28.5368   29.3846   30.2325   31.0801   31.9279   32.7757   33.6235   34.4713   35.3191 
  83.1134   83.9800   84.8466   85.7133   86.5799   87.4465   88.3131   89.1797   90.0463   90.9129   91.7795   92.6462   93.5128   94.3794   95.2460   96.1126   96.9792   97.8458   98.7125   99.5791  100.4457  101.3123  102.1789  103.0455  103.9121  104.7787  105.6454  106.5120  107.3786  108.2452  109.1118  109.9784  110.8450  111.7116 
4 14 21 34
 -56.0000 
  18.1940   19.0418   19.8896   20.7373   21.5851   22.4329   23.2806   24.1284   24.9762   25.8240   26.6718   27.5195   28.3673   29.2151   30.0629   30.9106   31.7584   32.6062   33.4540   34.3018   35.1496 
  82.9401   83.8067   84.6733   85.5399   86.4065   87.2732   88.1398   89.0064   89.8730   90.7396   91.6062   92.4728   93.3395   94.2061   95.0727   95.9393   96.8059   97.6725   98.5391   99.4057  100.2724  101.1390  102.0056  102.8722  103.7388  104.6054  105.4720  106.3386  107.2053  108.0719  108.9385  109.8051  110.6717  111.5383 
 -36.0000 
  18.1940   19.0418   19.8896   20.7373   21.5851   22.4329   23.2806   24.1284   24.9762   25.8240   26.6718   27.5195   28.3673   29.2151   30.0629   30.9106   31.7584   32.6062   33.4540   34.3018   35.1496 
  82.9401   83.8067   84.6733   85.5399   86.4065   87.2732   88.1398   89.0064   89.8730   90.7396   91.6062   92.4728   93.3395   94.2061   95.0727   95.9393   96.8059   97.6725   98.5391   99.4057  100.2724  101.1390  102.0056  102.8722  103.7388  104.6054  105.4720  106.3386  107.2053  108.0719  108.9385  109.8051  110.6717  111.5383 
 -40.0000 
  18.1940   19.0418   19.8896   20.7373   21.5851   22.4329   23.2806   24.1284   24.9762   25.8240   26.6718   27.5195   28.3673   29.2151   30.0629   30.9106   31.7584   32.6062   33.4540   34.3018   35.1496 
  82.9401   83.8067   84.6733   85.5399   86.4065   87.2732   88.1398   89.0064   89.8730   90.7396   91.6062   92.4728   93.3395   94.2061   95.0727   95.9393   96.8059   97.6725   98.5391   99.4057  100.2724  101.1390  102.0056  102.8722  103.7388  104.6054  105.4720  106.3386  107.2053  108.0719  108.9385  109.8051  110.6717  111.5383 
  10.0000 
  18.1940   19.0418   19.8896   20.7373   21.5851   22.4329   23.2806   24.1284   24.9762   25.8240   26.6718   27.5195   28.3673   29.2151   30.0629   30.9106   31.7584   32.6062   33.4540   34.3018   35.1496 
  82.9401   83.8067   84.6733   85.5399   86.4065   87.2732   88.1398   89.0064   89.8730   90.7396   91.6062   92.4728   93.3395   94.2061   95.0727   95.9393   96.8059   97.6725   98.5391   99.4057  100.2724  101.1390  102.0056  102.8722  103.7388  104.6054  105.4720  106.3386  107.2053  108.0719  108.9385  109.8051  110.6717  111.5383 
  60.0000 
  18.1940   19.0418   19.8896   20.7373   21.5851   22.4329   23.2806   24.1284   24.9762   25.8240   26.6718   27.5195   28.3673   29.2151   30.0629   30.9106   31.7584   32.6062   33.4540   34.3018   35.1496 
  82.9401   83.8067   84.6733   85.5399   86.4065   87.2732   88.1398   89.0064   89.8730   90.7396   91.6062   92.4728   93.3395   94.2061   95.0727   95.9393   96.8059   97.6725   98.5391   99.4057  100.2724  101.1390  102.0056  102.8722  103.7388  104.6054  105.4720  106.3386  107.2053  108.0719  108.9385  109.8051  110.6717  111.5383 
 110.0000 
  18.1940   19.0418   19.8896   20.7373   21.5851   22.4329   23.2806   24.1284   24.9762   25.8240   26.6718   27.5195   28.3673   29.2151   30.0629   30.9106   31.7584   32.6062   33.4540   34.3018   35.1496 
  82.9401   83.8067   84.6733   85.5399   86.4065   87.2732   88.1398   89.0064   89.8730   90.7396   91.6062   92.4728   93.3395   94.2061   95.0727   95.9393   96.8059   97.6725   98.5391   99.4057  100.2724  101.1390  102.0056  102.8722  103.7388  104.6054  105.4720  106.3386  107.2053  108.0719  108.9385  109.8051  110.6717  111.5383 
 160.0000 
  18.1940   19.0418   19.8896   20.7373   21.5851   22.4329   23.2806   24.1284   24.9762   25.8240   26.6718   27.5195   28.3673   29.2151   30.0629   30.9106   31.7584   32.6062   33.4540   34.3018   35.1496 
  82.9401   83.8067   84.6733   85.5399   86.4065   87.2732   88.1398   89.0064   89.8730   90.7396   91.6062   92.4728   93.3395   94.2061   95.0727   95.9393   96.8059   97.6725   98.5391   99.4057  100.2724  101.1390  102.0056  102.8722  103.7388  104.6054  105.4720  106.3386  107.2053  108.0719  108.9385  109.8051  110.6717  111.5383 
 210.0000 
  18.1940   19.0418   19.8896   20.7373   21.5851   22.4329   23.2806   24.1284   24.9762   25.8240   26.6718   27.5195   28.3673   29.2151   30.0629   30.9106   31.7584   32.6062   33.4540   34.3018   35.1496 
  82.9401   83.8067   84.6733   85.5399   86.4065   87.2732   88.1398   89.0064   89.8730   90.7396   91.6062   92.4728   93.3395   94.2061   95.0727   95.9393   96.8059   97.6725   98.5391   99.4057  100.2724  101.1390  102.0056  102.8722  103.7388  104.6054  105.4720  106.3386  107.2053  108.0719  108.9385  109.8051  110.6717  111.5383 
 240.0000 
  18.1940   19.0418   19.8896   20.7373   21.5851   22.4329   23.2806   24.1284   24.9762   25.8240   26.6718   27.5195   28.3673   29.2151   30.0629   30.9106   31.7584   32.6062   33.4540   34.3018   35.1496 
  82.9401   83.8067   84.6733   85.5399   86.4065   87.2732   88.1398   89.0064   89.8730   90.7396   91.6062   92.4728   93.3395   94.2061   95.0727   95.9393   96.8059   97.6725   98.5391   99.4057  100.2724  101.1390  102.0056  102.8722  103.7388  104.6054  105.4720  106.3386  107.2053  108.0719  108.9385  109.8051  110.6717  111.5383 
 315.0000 
  18.1940   19.0418   19.8896   20.7373   21.5851   22.4329   23.2806   24.1284   24.9762   25.8240   26.6718   27.5195   28.3673   29.2151   30.0629   30.9106   31.7584   32.6062   33.4540   34.3018   35.1496 
  82.9401   83.8067   84.6733   85.5399   86.4065   87.2732   88.1398   89.0064   89.8730   90.7396   91.6062   92.4728   93.3395   94.2061   95.0727   95.9393   96.8059   97.6725   98.5391   99.4057  100.2724  101.1390  102.0056  102.8722  103.7388  104.6054  105.4720  106.3386  107.2053  108.0719  108.9385  109.8051  110.6717  111.5383 
 390.0000 
  18.1940   19.0418   19.8896   20.7373   21.5851   22.4329   23.2806   24.1284   24.9762   25.8240   26.6718   27.5195   28.3673   29.2151   30.0629   30.9106   31.7584   32.6062   33.4540   34.3018   35.1496 
  82.9401   83.8067   84.6733   85.5399   86.4065   87.2732   88.1398   89.0064   89.8730   90.7396   91.6062   92.4728   93.3395   94.2061   95.0727   95.9393   96.8059   97.6725   98.5391   99.4057  100.2724  101.1390  102.0056  102.8722  103.7388  104.6054  105.4720  106.3386  107.2053  108.0719  108.9385  109.8051  110.6717  111.5383 
 465.0000 
  18.1940   19.0418   19.8896   20.7373   21.5851   22.4329   23.2806   24.1284   24.9762   25.8240   26.6718   27.5195   28.3673   29.2151   30.0629   30.9106   31.7584   32.6062   33.4540   34.3018   35.1496 
  82.9401   83.8067   84.6733   85.5399   86.4065   87.2732   88.1398   89.0064   89.8730   90.7396   91.6062   92.4728   93.3395   94.2061   95.0727   95.9393   96.8059   97.6725   98.5391   99.4057  100.2724  101.1390  102.0056  102.8722  103.7388  104.6054  105.4720  106.3386  107.2053  108.0719  108.9385  109.8051  110.6717  111.5383 
 540.0000 
  18.1940   19.0418   19.8896   20.7373   21.5851   22.4329   23.2806   24.1284   24.9762   25.8240   26.6718   27.5195   28.3673   29.2151   30.0629   30.9106   31.7584   32.6062   33.4540   34.3018   35.1496 
  82.9401   83.8067   84.6733   85.5399   86.4065   87.2732   88.1398   89.0064   89.8730   90.7396   91.6062   92.4728   93.3395   94.2061   95.0727   95.9393   96.8059   97.6725   98.5391   99.4057  100.2724  101.1390  102.0056  102.8722  103.7388  104.6054  105.4720  106.3386  107.2053  108.0719  108.9385  109.8051  110.6717  111.5383 
 615.0000 
  18.1940   19.0418   19.8896   20.7373   21.5851   22.4329   23.2806   24.1284   24.9762   25.8240   26.6718   27.5195   28.3673   29.2151   30.0629   30.9106   31.7584   32.6062   33.4540   34.3018   35.1496 
  82.9401   83.8067   84.6733   85.5399   86.4065   87.2732   88.1398   89.0064   89.8730   90.7396   91.6062   92.4728   93.3395   94.2061   95.0727   95.9393   96.8059   97.6725   98.5391   99.4057  100.2724  101.1390  102.0056  102.8722  103.7388  104.6054  105.4720  106.3386  107.2053  108.0719  108.9385  109.8051  110.6717  111.5383 
0 14 21 34
 -40.0000 
  18.8722   19.7200   20.5678   21.4155   22.2633   23.1111   23.9588   24.8066   25.6544   26.5022   27.3500   28.1977   29.0455   29.8933   30.7411   31.5888   32.4366   33.2844   34.1322   34.9800   35.8278 
  83.6334   84.5000   85.3666   86.2332   87.0998   87.9665   88.8331   89.6997   90.5663   91.4329   92.2995   93.1661   94.0327   94.8994   95.7660   96.6326   97.4992   98.3658   99.2324  100.0990  100.9656  101.8323  102.6989  103.5655  104.4321  105.2987  106.1653  107.0319  107.8985  108.7652  109.6318  110.4984  111.3650  112.2316 
 -20.0000 
  18.8722   19.7200   20.5678   21.4155   22.2633   23.1111   23.9588   24.8066   25.6544   26.5022   27.3500   28.1977   29.0455   29.8933   30.7411   31.5888   32.4366   33.2844   34.1322   34.9800   35.8278 
  83.6334   84.5000   85.3666   86.2332   87.0998   87.9665   88.8331   89.6997   90.5663   91.4329   92.2995   93.1661   94.0327   94.8994   95.7660   96.6326   97.4992   98.3658   99.2324  100.0990  100.9656  101.8323  102.6989  103.5655  104.4321  105.2987  106.1653  107.0319  107.8985  108.7652  109.6318  110.4984  111.3650  112.2316 
   0.0000 
  18.8722   19.7200   20.5678   21.4155   22.2633   23.1111   23.9588   24.8066   25.6544   26.5022   27.3500   28.1977   29.0455   29.8933   30.7411   31.5888   32.4366   33.2844   34.1322   34.9800   35.8278 
  83.6334   84.5000   85.3666   86.2332   87.0998   87.9665   88.8331   89.6997   90.5663   91.4329   92.2995   93.1661   94.0327   94.8994   95.7660   96.6326   97.4992   98.3658   99.2324  100.0990  100.9656  101.8323  102.6989  103.5655  104.4321  105.2987  106.1653  107.0319  107.8985  108.7652  109.6318  110.4984  111.3650  112.2316 
  50.0000 
  18.8722   19.7200   20.5678   21.4155   22.2633   23.1111   23.9588   24.8066   25.6544   26.5022   27.3500   28.1977   29.0455   29.8933   30.7411   31.5888   32.4366   33.2844   34.1322   34.9800   35.8278 
  83.6334   84.5000   85.3666   86.2332   87.0998   87.9665   88.8331   89.6997   90.5663   91.4329   92.2995   93.1661   94.0327   94.8994   95.7660   96.6326   97.4992   98.3658   99.2324  100.0990  100.9656  101.8323  102.6989  103.5655  104.4321  105.2987  106.1653  107.0319  107.8985  108.7652  109.6318  110.4984  111.3650  112.2316 
 100.0000 
  18.8722   19.7200   20.5678   21.4155   22.2633   23.1111   23.9588   24.8066   25.6544   26.5022   27.3500   28.1977   29.0455   29.8933   30.7411   31.5888   32.4366   33.2844   34.1322   34.9800   35.8278 
  83.6334   84.5000   85.3666   86.2332   87.0998   87.9665   88.8331   89.6997   90.5663   91.4329   92.2995   93.1661   94.0327   94.8994   95.7660   96.6326   97.4992   98.3658   99.2324  100.0990  100.9656  101.8323  102.6989  103.5655  104.4321  105.2987  106.1653  107.0319  107.8985  108.7652  109.6318  110.4984  111.3650  112.2316 
 150.0000 
  18.8722   19.7200   20.5678   21.4155   22.2633   23.1111   23.9588   24.8066   25.6544   26.5022   27.3500   28.1977   29.0455   29.8933   30.7411   31.5888   32.4366   33.2844   34.1322   34.9800   35.8278 
  83.6334   84.5000   85.3666   86.2332   87.0998   87.9665   88.8331   89.6997   90.5663   91.4329   92.2995   93.1661   94.0327   94.8994   95.7660   96.6326   97.4992   98.3658   99.2324  100.0990  100.9656  101.8323  102.6989  103.5655  104.4321  105.2987  106.1653  107.0319  107.8985  108.7652  109.6318  110.4984  111.3650  112.2316 
 200.0000 
  18.8722   19.7200   20.5678   21.4155   22.2633   23.1111   23.9588   24.8066   25.6544   26.5022   27.3500   28.1977   29.0455   29.8933   30.7411   31.5888   32.4366   33.2844   34.1322   34.9800   35.8278 
  83.6334   84.5000   85.3666   86.2332   87.0998   87.9665   88.8331   89.6997   90.5663   91.4329   92.2995   93.1661   94.0327   94.8994   95.7660   96.6326   97.4992   98.3658   99.2324  100.0990  100.9656  101.8323  102.6989  103.5655  104.4321  105.2987  106.1653  107.0319  107.8985  108.7652  109.6318  110.4984  111.3650  112.2316 
 250.0000 
  18.8722   19.7200   20.5678   21.4155   22.2633   23.1111   23.9588   24.8066   25.6544   26.5022   27.3500   28.1977   29.0455   29.8933   30.7411   31.5888   32.4366   33.2844   34.1322   34.9800   35.8278 
  83.6334   84.5000   85.3666   86.2332   87.0998   87.9665   88.8331   89.6997   90.5663   91.4329   92.2995   93.1661   94.0327   94.8994   95.7660   96.6326   97.4992   98.3658   99.2324  100.0990  100.9656  101.8323  102.6989  103.5655  104.4321  105.2987  106.1653  107.0319  107.8985  108.7652  109.6318  110.4984  111.3650  112.2316 
 300.0000 
  18.8722   19.7200   20.5678   21.4155   22.2633   23.1111   23.9588   24.8066   25.6544   26.5022   27.3500   28.1977   29.0455   29.8933   30.7411   31.5888   32.4366   33.2844   34.1322   34.9800   35.8278 
  83.6334   84.5000   85.3666   86.2332   87.0998   87.9665   88.8331   89.6997   90.5663   91.4329   92.2995   93.1661   94.0327   94.8994   95.7660   96.6326   97.4992   98.3658   99.2324  100.0990  100.9656  101.8323  102.6989  103.5655  104.4321  105.2987  106.1653  107.0319  107.8985  108.7652  109.6318  110.4984  111.3650  112.2316 
 375.0000 
  18.8722   19.7200   20.5678   21.4155   22.2633   23.1111   23.9588   24.8066   25.6544   26.5022   27.3500   28.1977   29.0455   29.8933   30.7411   31.5888   32.4366   33.2844   34.1322   34.9800   35.8278 
  83.6334   84.5000   85.3666   86.2332   87.0998   87.9665   88.8331   89.6997   90.5663   91.4329   92.2995   93.1661   94.0327   94.8994   95.7660   96.6326   97.4992   98.3658   99.2324  100.0990  100.9656  101.8323  102.6989  103.5655  104.4321  105.2987  106.1653  107.0319  107.8985  108.7652  109.6318  110.4984  111.3650  112.2316 
 450.0000 
  18.8722   19.7200   20.5678   21.4155   22.2633   23.1111   23.9588   24.8066   25.6544   26.5022   27.3500   28.1977   29.0455   29.8933   30.7411   31.5888   32.4366   33.2844   34.1322   34.9800   35.8278 
  83.6334   84.5000   85.3666   86.2332   87.0998   87.9665   88.8331   89.6997   90.5663   91.4329   92.2995   93.1661   94.0327   94.8994   95.7660   96.6326   97.4992   98.3658   99.2324  100.0990  100.9656  101.8323  102.6989  103.5655  104.4321  105.2987  106.1653  107.0319  107.8985  108.7652  109.6318  110.4984  111.3650  112.2316 
 525.0000 
  18.8722   19.7200   20.5678   21.4155   22.2633   23.1111   23.9588   24.8066   25.6544   26.5022   27.3500   28.1977   29.0455   29.8933   30.7411   31.5888   32.4366   33.2844   34.1322   34.9800   35.8278 
  83.6334   84.5000   85.3666   86.2332   87.0998   87.9665   88.8331   89.6997   90.5663   91.4329   92.2995   93.1661   94.0327   94.8994   95.7660   96.6326   97.4992   98.3658   99.2324  100.0990  100.9656  101.8323  102.6989  103.5655  104.4321  105.2987  106.1653  107.0319  107.8985  108.7652  109.6318  110.4984  111.3650  112.2316 
 600.0000 
  18.8722   19.7200   20.5678   21.4155   22.2633   23.1111   23.9588   24.8066   25.6544   26.5022   27.3500   28.1977   29.0455   29.8933   30.7411   31.5888   32.4366   33.2844   34.1322   34.9800   35.8278 
  83.6334   84.5000   85.3666   86.2332   87.0998   87.9665   88.8331   89.6997   90.5663   91.4329   92.2995   93.1661   94.0327   94.8994   95.7660   96.6326   97.4992   98.3658   99.2324  100.0990  100.9656  101.8323  102.6989  103.5655  104.4321  105.2987  106.1653  107.0319  107.8985  108.7652  109.6318  110.4984  111.3650  112.2316 
 675.0000 
  18.8722   19.7200   20.5678   21.4155   22.2633   23.1111   23.9588   24.8066   25.6544   26.5022   27.3500   28.1977   29.0455   29.8933   30.7411   31.5888   32.4366   33.2844   34.1322   34.9800   35.8278 
  83.6334   84.5000   85.3666   86.2332   87.0998   87.9665   88.8331   89.6997   90.5663   91.4329   92.2995   93.1661   94.0327   94.8994   95.7660   96.6326   97.4992   98.3658   99.2324  100.0990  100.9656  101.8323  102.6989  103.5655  104.4321  105.2987  106.1653  107.0319  107.8985  108.7652  109.6318  110.4984  111.3650  112.2316 
1 14 21 34
 -44.0000 
  18.7026   19.5504   20.3983   21.2459   22.0937   22.9416   23.7892   24.6370   25.4848   26.3326   27.1805   28.0281   28.8759   29.7237   30.5716   31.4192   32.2670   33.1148   33.9626   34.8104   35.6582 
  83.4601   84.3267   85.1933   86.0599   86.9265   87.7931   88.6597   89.5264   90.3930   91.2596   92.1262   92.9928   93.8594   94.7260   95.5926   96.4593   97.3259   98.1925   99.0591   99.9257  100.7923  101.6589  102.5255  103.3922  104.2588  105.1254  105.9920  106.8586  107.7252  108.5918  109.4585  110.3251  111.1917  112.0583 
 -24.0000 
  18.7026   19.5504   20.3983   21.2459   22.0937   22.9416   23.7892   24.6370   25.4848   26.3326   27.1805   28.0281   28.8759   29.7237   30.5716   31.4192   32.2670   33.1148   33.9626   34.8104   35.6582 
  83.4601   84.3267   85.1933   86.0599   86.9265   87.7931   88.6597   89.5264   90.3930   91.2596   92.1262   92.9928   93.8594   94.7260   95.5926   96.4593   97.3259   98.1925   99.0591   99.9257  100.7923  101.6589  102.5255  103.3922  104.2588  105.1254  105.9920  106.8586  107.7252  108.5918  109.4585  110.3251  111.1917  112.0583 
 -10.0000 
  18.7026   19.5504   20.3983   21.2459   22.0937   22.9416   23.7892   24.6370   25.4848   26.3326   27.1805   28.0281   28.8759   29.7237   30.5716   31.4192   32.2670   33.1148   33.9626   34.8104   35.6582 
  83.4601   84.3267   85.1933   86.0599   86.9265   87.7931   88.6597   89.5264   90.3930   91.2596   92.1262   92.9928   93.8594   94.7260   95.5926   96.4593   97.3259   98.1925   99.0591   99.9257  100.7923  101.6589  102.5255  103.3922  104.2588  105.1254  105.9920  106.8586  107.7252  108.5918  109.4585  110.3251  111.1917  112.0583 
  40.0000 
  18.7026   19.5504   20.3983   21.2459   22.0937   22.9416   23.7892   24.6370   25.4848   26.3326   27.1805   28.0281   28.8759   29.7237   30.5716   31.4192   32.2670   33.1148   33.9626   34.8104   35.6582 
  83.4601   84.3267   85.1933   86.0599   86.9265   87.7931   88.6597   89.5264   90.3930   91.2596   92.1262   92.9928   93.8594   94.7260   95.5926   96.4593   97.3259   98.1925   99.0591   99.9257  100.7923  101.6589  102.5255  103.3922  104.2588  105.1254  105.9920  106.8586  107.7252  108.5918  109.4585  110.3251  111.1917  112.0583 
  90.0000 
  18.7026   19.5504   20.3983   21.2459   22.0937   22.9416   23.7892   24.6370   25.4848   26.3326   27.1805   28.0281   28.8759   29.7237   30.5716   31.4192   32.2670   33.1148   33.9626   34.8104   35.6582 
  83.4601   84.3267   85.1933   86.0599   86.9265   87.7931   88.6597   89.5264   90.3930   91.2596   92.1262   92.9928   93.8594   94.7260   95.5926   96.4593   97.3259   98.1925   99.0591   99.9257  100.7923  101.6589  102.5255  103.3922  104.2588  105.1254  105.9920  106.8586  107.7252  108.5918  109.4585  110.3251  111.1917  112.0583 
 140.0000 
  18.7026   19.5504   20.3983   21.2459   22.0937   22.9416   23.7892   24.6370   25.4848   26.3326   27.1805   28.0281   28.8759   29.7237   30.5716   31.4192   32.2670   33.1148   33.9626   34.8104   35.6582 
  83.4601   84.3267   85.1933   86.0599   86.9265   87.7931   88.6597   89.5264   90.3930   91.2596   92.1262   92.9928   93.8594   94.7260   95.5926   96.4593   97.3259   98.1925   99.0591   99.9257  100.7923  101.6589  102.5255  103.3922  104.2588  105.1254  105.9920  106.8586  107.7252  108.5918  109.4585  110.3251  111.1917  112.0583 
 190.0000 
  18.7026   19.5504   20.3983   21.2459   22.0937   22.9416   23.7892   24.6370   25.4848   26.3326   27.1805   28.0281   28.8759   29.7237   30.5716   31.4192   32.2670   33.1148   33.9626   34.8104   35.6582 
  83.4601   84.3267   85.1933   86.0599   86.9265   87.7931   88.6597   89.5264   90.3930   91.2596   92.1262   92.9928   93.8594   94.7260   95.5926   96.4593   97.3259   98.1925   99.0591   99.9257  100.7923  101.6589  102.5255  103.3922  104.2588  105.1254  105.9920  106.8586  107.7252  108.5918  109.4585  110.3251  111.1917  112.0583 
 240.0000 
  18.7026   19.5504   20.3983   21.2459   22.0937   22.9416   23.7892   24.6370   25.4848   26.3326   27.1805   28.0281   28.8759   29.7237   30.5716   31.4192   32.2670   33.1148   33.9626   34.8104   35.6582 
  83.4601   84.3267   85.1933   86.0599   86.9265   87.7931   88.6597   89.5264   90.3930   91.2596   92.1262   92.9928   93.8594   94.7260   95.5926   96.4593   97.3259   98.1925   99.0591   99.9257  100.7923  101.6589  102.5255  103.3922  104.2588  105.1254  105.9920  106.8586  107.7252  108.5918  109.4585  110.3251  111.1917  112.0583 
 285.0000 
  18.7026   19.5504   20.3983   21.2459   22.0937   22.9416   23.7892   24.6370   25.4848   26.3326   27.1805   28.0281   28.8759   29.7237   30.5716   31.4192   32.2670   33.1148   33.9626   34.8104   35.6582 
  83.4601   84.3267   85.1933   86.0599   86.9265   87.7931   88.6597   89.5264   90.3930   91.2596   92.1262   92.9928   93.8594   94.7260   95.5926   96.4593   97.3259   98.1925   99.0591   99.9257  100.7923  101.6589  102.5255  103.3922  104.2588  105.1254  105.9920  106.8586  107.7252  108.5918  109.4585  110.3251  111.1917  112.0583 
 360.0000 
  18.7026   19.5504   20.3983   21.2459   22.0937   22.9416   23.7892   24.6370   25.4848   26.3326   27.1805   28.0281   28.8759   29.7237   30.5716   31.4192   32.2670   33.1148   33.9626   34.8104   35.6582 
  83.4601   84.3267   85.1933   86.0599   86.9265   87.7931   88.6597   89.5264   90.3930   91.2596   92.1262   92.9928   93.8594   94.7260   95.5926   96.4593   97.3259   98.1925   99.0591   99.9257  100.7923  101.6589  102.5255  103.3922  104.2588  105.1254  105.9920  106.8586  107.7252  108.5918  109.4585  110.3251  111.1917  112.0583 
 435.0000 
  18.7026   19.5504   20.3983   21.2459   22.0937   22.9416   23.7892   24.6370   25.4848   26.3326   27.1805   28.0281   28.8759   29.7237   30.5716   31.4192   32.2670   33.1148   33.9626   34.8104   35.6582 
  83.4601   84.3267   85.1933   86.0599   86.9265   87.7931   88.6597   89.5264   90.3930   91.2596   92.1262   92.9928   93.8594   94.7260   95.5926   96.4593   97.3259   98.1925   99.0591   99.9257  100.7923  101.6589  102.5255  103.3922  104.2588  105.1254  105.9920  106.8586  107.7252  108.5918  109.4585  110.3251  111.1917  112.0583 
 510.0000 
  18.7026   19.5504   20.3983   21.2459   22.0937   22.9416   23.7892   24.6370   25.4848   26.3326   27.1805   28.0281   28.8759   29.7237   30.5716   31.4192   32.2670   33.1148   33.9626   34.8104   35.6582 
  83.4601   84.3267   85.1933   86.0599   86.9265   87.7931   88.6597   89.5264   90.3930   91.2596   92.1262   92.9928   93.8594   94.7260   95.5926   96.4593   97.3259   98.1925   99.0591   99.9257  100.7923  101.6589  102.5255  103.3922  104.2588  105.1254  105.9920  106.8586  107.7252  108.5918  109.4585  110.3251  111.1917  112.0583 
 585.0000 
  18.7026   19.5504   20.3983   21.2459   22.0937   22.9416   23.7892   24.6370   25.4848   26.3326   27.1805   28.0281   28.8759   29.7237   30.5716   31.4192   32.2670   33.1148   33.9626   34.8104   35.6582 
  83.4601   84.3267   85.1933   86.0599   86.9265   87.7931   88.6597   89.5264   90.3930   91.2596   92.1262   92.9928   93.8594   94.7260   95.5926   96.4593   97.3259   98.1925   99.0591   99.9257  100.7923  101.6589  102.5255  103.3922  104.2588  105.1254  105.9920  106.8586  107.7252  108.5918  109.4585  110.3251  111.1917  112.0583 
 660.0000 
  18.7026   19.5504   20.3983   21.2459   22.0937   22.9416   23.7892   24.6370   25.4848   26.3326   27.1805   28.0281   28.8759   29.7237   30.5716   31.4192   32.2670   33.1148   33.9626   34.8104   35.6582 
  83.4601   84.3267   85.1933   86.0599   86.9265   87.7931   88.6597   89.5264   90.3930   91.2596   92.1262   92.9928   93.8594   94.7260   95.5926   96.4593   97.3259   98.1925   99.0591   99.9257  100.7923  101.6589  102.5255  103.3922  104.2588  105.1254  105.9920  106.8586  107.7252  108.5918  109.4585  110.3251  111.1917  112.0583 
2 14 21 34
 -48.0000 
  18.5331   19.3809   20.2287   21.0764   21.9242   22.7720   23.6197   24.4675   25.3153   26.1631   27.0109   27.8586   28.7064   29.5542   30.4020   31.2497   32.0975   32.9453   33.7931   34.6409   35.4887 
  83.2867   84.1534   85.0200   85.8866   86.7532   87.6198   88.4864   89.3530   90.2196   91.0863   91.9529   92.8195   93.6861   94.5527   95.4193   96.2859   97.1525   98.0192   98.8858   99.7524  100.6190  101.4856  102.3522  103.2188  104.0855  104.9521  105.8187  106.6853  107.5519  108.4185  109.2851  110.1517  111.0184  111.8850 
 -28.0000 
  18.5331   19.3809   20.2287   21.0764   21.9242   22.7720   23.6197   24.4675   25.3153   26.1631   27.0109   27.8586   28.7064   29.5542   30.4020   31.2497   32.0975   32.9453   33.7931   34.6409   35.4887 
  83.2867   84.1534   85.0200   85.8866   86.7532   87.6198   88.4864   89.3530   90.2196   91.0863   91.9529   92.8195   93.6861   94.5527   95.4193   96.2859   97.1525   98.0192   98.8858   99.7524  100.6190  101.4856  102.3522  103.2188  104.0855  104.9521  105.8187  106.6853  107.5519  108.4185  109.2851  110.1517  111.0184  111.8850 
 -20.0000 
  18.5331   19.3809   20.2287   21.0764   21.9242   22.7720   23.6197   24.4675   25.3153   26.1631   27.0109   27.8586   28.7064   29.5542   30.4020   31.2497   32.0975   32.9453   33.7931   34.6409   35.4887 
  83.2867   84.1534   85.0200   85.8866   86.7532   87.6198   88.4864   89.3530   90.2196   91.0863   91.9529   92.8195   93.6861   94.5527   95.4193   96.2859   97.1525   98.0192   98.8858   99.7524  100.6190  101.4856  102.3522  103.2188  104.0855  104.9521  105.8187  106.6853  107.5519  108.4185  109.2851  110.1517  111.0184  111.8850 
  30.0000 
  18.5331   19.3809   20.2287   21.0764   21.9242   22.7720   23.6197   24.4675   25.3153   26.1631   27.0109   27.8586   28.7064   29.5542   30.4020   31.2497   32.0975   32.9453   33.7931   34.6409   35.4887 
  83.2867   84.1534   85.0200   85.8866   86.7532   87.6198   88.4864   89.3530   90.2196   91.0863   91.9529   92.8195   93.6861   94.5527   95.4193   96.2859   97.1525   98.0192   98.8858   99.7524  100.6190  101.4856  102.3522  103.2188  104.0855  104.9521  105.8187  106.6853  107.5519  108.4185  109.2851  110.1517  111.0184  111.8850 
  80.0000 
  18.5331   19.3809   20.2287   21.0764   21.9242   22.7720   23.6197   24.4675   25.3153   26.1631   27.0109   27.8586   28.7064   29.5542   30.4020   31.2497   32.0975   32.9453   33.7931   34.6409   35.4887 
  83.2867   84.1534   85.0200   85.8866   86.7532   87.6198   88.4864   89.3530   90.2196   91.0863   91.9529   92.8195   93.6861   94.5527   95.4193   96.2859   97.1525   98.0192   98.8858   99.7524  100.6190  101.4856  102.3522  103.2188  104.0855  104.9521  105.8187  106.6853  107.5519  108.4185  109.2851  110.1517  111.0184  111.8850 
 130.0000 
  18.5331   19.3809   20.2287   21.0764   21.9242   22.7720   23.6197   24.4675   25.3153   26.1631   27.0109   27.8586   28.7064   29.5542   30.4020   31.2497   32.0975   32.9453   33.7931   34.6409   35.4887 
  83.2867   84.1534   85.0200   85.8866   86.7532   87.6198   88.4864   89.3530   90.2196   91.0863   91.9529   92.8195   93.6861   94.5527   95.4193   96.2859   97.1525   98.0192   98.8858   99.7524  100.6190  101.4856  102.3522  103.2188  104.0855  104.9521  105.8187  106.6853  107.5519  108.4185  109.2851  110.1517  111.0184  111.8850 
 180.0000 
  18.5331   19.3809   20.2287   21.0764   21.9242   22.7720   23.6197   24.4675   25.3153   26.1631   27.0109   27.8586   28.7064   29.5542   30.4020   31.2497   32.0975   32.9453   33.7931   34.6409   35.4887 
  83.2867   84.1534   85.0200   85.8866   86.7532   87.6198   88.4864   89.3530   90.2196   91.0863   91.9529   92.8195   93.6861   94.5527   95.4193   96.2859   97.1525   98.0192   98.8858   99.7524  100.6190  101.4856  102.3522  103.2188  104.0855  104.9521  105.8187  106.6853  107.5519  108.4185  109.2851  110.1517  111.0184  111.8850 
 230.0000 
  18.5331   19.3809   20.2287   21.0764   21.9242   22.7720   23.6197   24.4675   25.3153   26.1631   27.0109   27.8586   28.7064   29.5542   30.4020   31.2497   32.0975   32.9453   33.7931   34.6409   35.4887 
  83.2867   84.1534   85.0200   85.8866   86.7532   87.6198   88.4864   89.3530   90.2196   91.0863   91.9529   92.8195   93.6861   94.5527   95.4193   96.2859   97.1525   98.0192   98.8858   99.7524  100.6190  101.4856  102.3522  103.2188  104.0855  104.9521  105.8187  106.6853  107.5519  108.4185  109.2851  110.1517  111.0184  111.8850 
 270.0000 
  18.5331   19.3809   20.2287   21.0764   21.9242   22.7720   23.6197   24.4675   25.3153   26.1631   27.0109   27.8586   28.7064   29.5542   30.4020   31.2497   32.0975   32.9453   33.7931   34.6409   35.4887 
  83.2867   84.1534   85.0200   85.8866   86.7532   87.6198   88.4864   89.3530   90.2196   91.0863   91.9529   92.8195   93.6861   94.5527   95.4193   96.2859   97.1525   98.0192   98.8858   99.7524  100.6190  101.4856  102.3522  103.2188  104.0855  104.9521  105.8187  106.6853  107.5519  108.4185  109.2851  110.1517  111.0184  111.8850 
 345.0000 
  18.5331   19.3809   20.2287   21.0764   21.9242   22.7720   23.6197   24.4675   25.3153   26.1631   27.0109   27.8586   28.7064   29.5542   30.4020   31.2497   32.0975   32.9453   33.7931   34.6409   35.4887 
  83.2867   84.1534   85.0200   85.8866   86.7532   87.6198   88.4864   89.3530   90.2196   91.0863   91.9529   92.8195   93.6861   94.5527   95.4193   96.2859   97.1525   98.0192   98.8858   99.7524  100.6190  101.4856  102.3522  103.2188  104.0855  104.9521  105.8187  106.6853  107.5519  108.4185  109.2851  110.1517  111.0184  111.8850 
 420.0000 
  18.5331   19.3809   20.2287   21.0764   21.9242   22.7720   23.6197   24.4675   25.3153   26.1631   27.0109   27.8586   28.7064   29.5542   30.4020   31.2497   32.0975   32.9453   33.7931   34.6409   35.4887 
  83.2867   84.1534   85.0200   85.8866   86.7532   87.6198   88.4864   89.3530   90.2196   91.0863   91.9529   92.8195   93.6861   94.5527   95.4193   96.2859   97.1525   98.0192   98.8858   99.7524  100.6190  101.4856  102.3522  103.2188  104.0855  104.9521  105.8187  106.6853  107.5519  108.4185  109.2851  110.1517  111.0184  111.8850 
 495.0000 
  18.5331   19.3809   20.2287   21.0764   21.9242   22.7720   23.6197   24.4675   25.3153   26.1631   27.0109   27.8586   28.7064   29.5542   30.4020   31.2497   32.0975   32.9453   33.7931   34.6409   35.4887 
  83.2867   84.1534   85.0200   85.8866   86.7532   87.6198   88.4864   89.3530   90.2196   91.0863   91.9529   92.8195   93.6861   94.5527   95.4193   96.2859   97.1525   98.0192   98.8858   99.7524  100.6190  101.4856  102.3522  103.2188  104.0855  104.9521  105.8187  106.6853  107.5519  108.4185  109.2851  110.1517  111.0184  111.8850 
 570.0000 
  18.5331   19.3809   20.2287   21.0764   21.9242   22.7720   23.6197   24.4675   25.3153   26.1631   27.0109   27.8586   28.7064   29.5542   30.4020   31.2497   32.0975   32.9453   33.7931   34.6409   35.4887 
  83.2867   84.1534   85.0200   85.8866   86.7532   87.6198   88.4864   89.3530   90.2196   91.0863   91.9529   92.8195   93.6861   94.5527   95.4193   96.2859   97.1525   98.0192   98.8858   99.7524  100.6190  101.4856  102.3522  103.2188  104.0855  104.9521  105.8187  106.6853  107.5519  108.4185  109.2851  110.1517  111.0184  111.8850 
 645.0000 
  18.5331   19.3809   20.2287   21.0764   21.9242   22.7720   23.6197   24.4675   25.3153   26.1631   27.0109   27.8586   28.7064   29.5542   30.4020   31.2497   32.0975   32.9453   33.7931   34.6409   35.4887 
  83.2867   84.1534   85.0200   85.8866   86.7532   87.6198   88.4864   89.3530   90.2196   91.0863   91.9529   92.8195   93.6861   94.5527   95.4193   96.2859   97.1525   98.0192   98.8858   99.7524  100.6190  101.4856  102.3522  103.2188  104.0855  104.9521  105.8187  106.6853  107.5519  108.4185  109.2851  110.1517  111.0184  111.8850 
3 14 21 34
 -52.0000 
  18.3635   19.2113   20.0592   20.9068   21.7546   22.6025   23.4501   24.2979   25.1457   25.9935   26.8414   27.6890   28.5368   29.3846   30.2325   31.0801   31.9279   32.7757   33.6235   34.4713   35.3191 
  83.1134   83.9800   84.8466   85.7133   86.5799   87.4465   88.3131   89.1797   90.0463   90.9129   91.7795   92.6462   93.5128   94.3794   95.2460   96.1126   96.9792   97.8458   98.7125   99.5791  100.4457  101.3123  102.1789  103.0455  103.9121  104.7787  105.6454  106.5120  107.3786  108.2452  109.1118  109.9784  110.8450  111.7116 
 -32.0000 
  18.3635   19.2113   20.0592   20.9068   21.7546   22.6025   23.4501   24.2979   25.1457   25.9935   26.8414   27.6890   28.5368   29.3846   30.2325   31.0801   31.9279   32.7757   33.6235   34.4713   35.3191 
  83.1134   83.9800   84.8466   85.7133   86.5799   87.4465   88.3131   89.1797   90.0463   90.9129   91.7795   92.6462   93.5128   94.3794   95.2460   96.1126   96.9792   97.8458   98.7125   99.5791  100.4457  101.3123  102.1789  103.0455  103.9121  104.7787  105.6454  106.5120  107.3786  108.2452  109.1118  109.9784  110.8450  111.7116 
 -30.0000 
  18.3635   19.2113   20.0592   20.9068   21.7546   22.6025   23.4501   24.2979   25.1457   25.9935   26.8414   27.6890   28.5368   29.3846   30.2325   31.0801   31.9279   32.7757   33.6235   34.4713   35.3191 
  83.1134   83.9800   84.8466   85.7133   86.5799   87.4465   88.3131   89.1797   90.0463   90.9129   91.7795   92.6462   93.5128   94.3794   95.2460   96.1126   96.9792   97.8458   98.7125   99.5791  100.4457  101.3123  102.1789  103.0455  103.9121  104.7787  105.6454  106.5120  107.3786  108.2452  109.1118  109.9784  110.8450  111.7116 
  20.0000 
  18.3635   19.2113   20.0592   20.9068   21.7546   22.6025   23.4501   24.2979   25.1457   25.9935   26.8414   27.6890   28.5368   29.3846   30.2325   31.0801   31.9279   32.7757   33.6235   34.4713   35.3191 
  83.1134   83.9800   84.8466   85.7133   86.5799   87.4465   88.3131   89.1797   90.0463   90.9129   91.7795   92.6462   93.5128   94.3794   95.2460   96.1126   96.9792   97.8458   98.7125   99.5791  100.4457  101.3123  102.1789  103.0455  103.9121  104.7787  105.6454  106.5120  107.3786  108.2452  109.1118  109.9784  110.8450  111.7116 
  70.0000 
  18.3635   19.2113   20.0592   20.9068   21.7546   22.6025   23.4501   24.2979   25.1457   25.9935   26.8414   27.6890   28.5368   29.3846   30.2325   31.0801   31.9279   32.7757   33.6235   34.4713   35.3191 
  83.1134   83.9800   84.8466   85.7133   86.5799   87.4465   88.3131   89.1797   90.0463   90.9129   91.7795   92.6462   93.5128   94.3794   95.2460   96.1126   96.9792   97.8458   98.7125   99.5791  100.4457  101.3123  102.1789  103.0455  103.9121  104.7787  105.6454  106.5120  107.3786  108.2452  109.1118  109.9784  110.8450  111.7116 
 120.0000 
  18.3635   19.2113   20.0592   20.9068   21.7546   22.6025   23.4501   24.2979   25.1457   25.9935   26.8414   27.6890   28.5368   29.3846   30.2325   31.0801   31.9279   32.7757   33.6235   34.4713   35.3191 
  83.1134   83.9800   84.8466   85.7133   86.5799   87.4465   88.3131   89.1797   90.0463   90.9129   91.7795   92.6462   93.5128   94.3794   95.2460   96.1126   96.9792   97.8458   98.7125   99.5791  100.4457  101.3123  102.1789  103.0455  103.9121  104.7787  105.6454  106.5120  107.3786  108.2452  109.1118  109.9784  110.8450  111.7116 
 170.0000 
  18.3635   19.2113   20.0592   20.9068   21.7546   22.6025   23.4501   24.2979   25.1457   25.9935   26.8414   27.6890   28.5368   29.3846   30.2325   31.0801   31.9279   32.7757   33.6235   34.4713   35.3191 
  83.1134   83.9800   84.8466   85.7133   86.5799   87.4465   88.3131   89.1797   90.0463   90.9129   91.7795   92.6462   93.5128   94.3794   95.2460   96.1126   96.9792   97.8458   98.7125   99.5791  100.4457  101.3123  102.1789  103.0455  103.9121  104.7787  105.6454  106.5120  107.3786  108.2452  109.1118  109.9784  110.8450  111.7116 
 220.0000 
  18.3635   19.2113   20.0592   20.9068   21.7546   22.6025   23.4501   24.2979   25.1457   25.9935   26.8414   27.6890   28.5368   29.3846   30.2325   31.0801   31.9279   32.7757   33.6235   34.4713   35.3191 
  83.1134   83.9800   84.8466   85.7133   86.5799   87.4465   88.3131   89.1797   90.0463   90.9129   91.7795   92.6462   93.5128   94.3794   95.2460   96.1126   96.9792   97.8458   98.7125   99.5791  100.4457  101.3123  102.1789  103.0455  103.9121  104.7787  105.6454  106.5120  107.3786  108.2452  109.1118  109.9784  110.8450  111.7116 
 255.0000 
  18.3635   19.2113   20.0592   20.9068   21.7546   22.6025   23.4501   24.2979   25.1457   25.9935   26.8414   27.6890   28.5368   29.3846   30.2325   31.0801   31.9279   32.7757   33.6235   34.4713   35.3191 
  83.1134   83.9800   84.8466   85.7133   86.5799   87.4465   88.3131   89.1797   90.0463   90.9129   91.7795   92.6462   93.5128   94.3794   95.2460   96.1126   96.9792   97.8458   98.7125   99.5791  100.4457  101.3123  102.1789  103.0455  103.9121  104.7787  105.6454  106.5120  107.3786  108.2452  109.1118  109.9784  110.8450  111.7116 
 330.0000 
  18.3635   19.2113   20.0592   20.9068   21.7546   22.6025   23.4501   24.2979   25.1457   25.9935   26.8414   27.6890   28.5368   29.3846   30.2325   31.0801   31.9279   32.7757   33.6235   34.4713   35.3191 
  83.1134   83.9800   84.8466   85.7133   86.5799   87.4465   88.3131   89.1797   90.0463   90.9129   91.7795   92.6462   93.5128   94.3794   95.2460   96.1126   96.9792   97.8458   98.7125   99.5791  100.4457  101.3123  102.1789  103.0455  103.9121  104.7787  105.6454  106.5120  107.3786  108.2452  109.1118  109.9784  110.8450  111.7116 
 405.0000 
  18.3635   19.2113   20.0592   20.9068   21.7546   22.6025   23.4501   24.2979   25.1457   25.9935   26.8414   27.6890   28.5368   29.3846   30.2325   31.0801   31.9279   32.7757   33.6235   34.4713   35.3191 
  83.1134   83.9800   84.8466   85.7133   86.5799   87.4465   88.3131   89.1797   90.0463   90.9129   91.7795   92.6462   93.5128   94.3794   95.2460   96.1126   96.9792   97.8458   98.7125   99.5791  100.4457  101.3123  102.1789  103.0455  103.9121  104.7787  105.6454  106.5120  107.3786  108.2452  109.1118  109.9784  110.8450  111.7116 
 480.0000 
  18.3635   19.2113   20.0592   20.9068   21.7546   22.6025   23.4501   24.2979   25.1457   25.9935   26.8414   27.6890   28.5368   29.3846   30.2325   31.0801   31.9279   32.7757   33.6235   34.4713   35.3191 
  83.1134   83.9800   84.8466   85.7133   86.5799   87.4465   88.3131   89.1797   90.0463   90.9129   91.7795   92.6462   93.5128   94.3794   95.2460   96.1126   96.9792   97.8458   98.7125   99.5791  100.4457  101.3123  102.1789  103.0455  103.9121  104.7787  105.6454  106.5120  107.3786  108.2452  109.1118  109.9784  110.8450  111.7116 
 555.0000 
  18.3635   19.2113   20.0592   20.9068   21.7546   22.6025   23.4501   24.2979   25.1457   25.9935   26.8414   27.6890   28.5368   29.3846   30.2325   31.0801   31.9279   32.7757   33.6235   34.4713   35.3191 
  83.1134   83.9800   84.8466   85.7133   86.5799   87.4465   88.3131   89.1797   90.0463   90.9129   91.7795   92.6462   93.5128   94.3794   95.2460   96.1126   96.9792   97.8458   98.7125   99.5791  100.4457  101.3123  102.1789  103.0455  103.9121  104.7787  105.6454  106.5120  107.3786  108.2452  109.1118  109.9784  110.8450  111.7116 
 630.0000 
  18.3635   19.2113   20.0592   20.9068   21.7546   22.6025   23.4501   24.2979   25.1457   25.9935   26.8414   27.6890   28.5368   29.3846   30.2325   31.0801   31.9279   32.7757   33.6235   34.4713   35.3191 
  83.1134   83.9800   84.8466   85.7133   86.5799   87.4465   88.3131   89.1797   90.0463   90.9129   91.7795   92.6462   93.5128   94.3794   95.2460   96.1126   96.9792   97.8458   98.7125   99.5791  100.4457  101.3123  102.1789  103.0455  103.9121  104.7787  105.6454  106.5120  107.3786  108.2452  109.1118  109.9784  110.8450  111.7116 
4 14 21 34
 -56.0000 
  18.1940   19.0418   19.8896   20.7373   21.5851   22.4329   23.2806   24.1284   24.9762   25.8240   26.6718   27.5195   28.3673   29.2151   30.0629   30.9106   31.7584   32.6062   33.4540   34.3018   35.1496 
  82.9401   83.8067   84.6733   85.5399   86.4065   87.2732   88.1398   89.0064   89.8730   90.7396   91.6062   92.4728   93.3395   94.2061   95.0727   95.9393   96.8059   97.6725   98.5391   99.4057  100.2724  101.1390  102.0056  102.8722  103.7388  104.6054  105.4720  106.3386  107.2053  108.0719  108.9385  109.8051  110.6717  111.5383 
 -36.0000 
  18.1940   19.0418   19.8896   20.7373   21.5851   22.4329   23.2806   24.1284   24.9762   25.8240   26.6718   27.5195   28.3673   29.2151   30.0629   30.9106   31.7584   32.6062   33.4540   34.3018   35.1496 
  82.9401   83.8067   84.6733   85.5399   86.4065   87.2732   88.1398   89.0064   89.8730   90.7396   91.6062   92.4728   93.3395   94.2061   95.0727   95.9393   96.8059   97.6725   98.5391   99.4057  100.2724  101.1390  102.0056  102.8722  103.7388  104.6054  105.4720  106.3386  107.2053  108.0719  108.9385  109.8051  110.6717  111.5383 
 -40.0000 
  18.1940   19.0418   19.8896   20.7373   21.5851   22.4329   23.2806   24.1284   24.9762   25.8240   26.6718   27.5195   28.3673   29.2151   30.0629   30.9106   31.7584   32.6062   33.4540   34.3018   35.1496 
  82.9401   83.8067   84.6733   85.5399   86.4065   87.2732   88.1398   89.0064   89.8730   90.7396   91.6062   92.4728   93.3395   94.2061   95.0727   95.9393   96.8059   97.6725   98.5391   99.4057  100.2724  101.1390  102.0056  102.8722  103.7388  104.6054  105.4720  106.3386  107.2053  108.0719  108.9385  109.8051  110.6717  111.5383 
  10.0000 
  18.1940   19.0418   19.8896   20.7373   21.5851   22.4329   23.2806   24.1284   24.9762   25.8240   26.6718   27.5195   28.3673   29.2151   30.0629   30.9106   31.7584   32.6062   33.4540   34.3018   35.1496 
  82.9401   83.8067   84.6733   85.5399   86.4065   87.2732   88.1398   89.0064   89.8730   90.7396   91.6062   92.4728   93.3395   94.2061   95.0727   95.9393   96.8059   97.6725   98.5391   99.4057  100.2724  101.1390  102.0056  102.8722  103.7388  104.6054  105.4720  106.3386  107.2053  108.0719  108.9385  109.8051  110.6717  111.5383 
  60.0000 
  18.1940   19.0418   19.8896   20.7373   21.5851   22.4329   23.2806   24.1284   24.9762   25.8240   26.6718   27.5195   28.3673   29.2151   30.0629   30.9106   31.7584   32.6062   33.4540   34.3018   35.1496 
  82.9401   83.8067   84.6733   85.5399   86.4065   87.2732   88.1398   89.0064   89.8730   90.7396   91.6062   92.4728   93.3395   94.2061   95.0727   95.9393   96.8059   97.6725   98.5391   99.4057  100.2724  101.1390  102.0056  102.8722  103.7388  104.6054  105.4720  106.3386  107.2053  108.0719  108.9385  109.8051  110.6717  111.5383 
 110.0000 
  18.1940   19.0418   19.8896   20.7373   21.5851   22.4329   23.2806   24.1284   24.9762   25.8240   26.6718   27.5195   28.3673   29.2151   30.0629   30.9106   31.7584   32.6062   33.4540   34.3018   35.1496 
  82.9401   83.8067   84.6733   85.5399   86.4065   87.2732   88.1398   89.0064   89.8730   90.7396   91.6062   92.4728   93.3395   94.2061   95.0727   95.9393   96.8059   97.6725   98.5391   99.4057  100.2724  101.1390  102.0056  102.8722  103.7388  104.6054  105.4720  106.3386  107.2053  108.0719  108.9385  109.8051  110.6717  111.5383 
 160.0000 
  18.1940   19.0418   19.8896   20.7373   21.5851   22.4329   23.2806   24.1284   24.9762   25.8240   26.6718   27.5195   28.3673   29.2151   30.0629   30.9106   31.7584   32.6062   33.4540   34.3018   35.1496 
  82.9401   83.8067   84.6733   85.5399   86.4065   87.2732   88.1398   89.0064   89.8730   90.7396   91.6062   92.4728   93.3395   94.2061   95.0727   95.9393   96.8059   97.6725   98.5391   99.4057  100.2724  101.1390  102.0056  102.8722  103.7388  104.6054  105.4720  106.3386  107.2053  108.0719  108.9385  109.8051  110.6717  111.5383 
 210.0000 
  18.1940   19.0418   19.8896   20.7373   21.5851   22.4329   23.2806   24.1284   24.9762   25.8240   26.6718   27.5195   28.3673   29.2151   30.0629   30.9106   31.7584   32.6062   33.4540   34.3018   35.1496 
  82.9401   83.8067   84.6733   85.5399   86.4065   87.2732   88.1398   89.0064   89.8730   90.7396   91.6062   92.4728   93.3395   94.2061   95.0727   95.9393   96.8059   97.6725   98.5391   99.4057  100.2724  101.1390  102.0056  102.8722  103.7388  104.6054  105.4720  106.3386  107.2053  108.0719  108.9385  109.8051  110.6717  111.5383 
 240.0000 
  18.1940   19.0418   19.8896   20.7373   21.5851   22.4329   23.2806   24.1284   24.9762   25.8240   26.6718   27.5195   28.3673   29.2151   30.0629   30.9106   31.7584   32.6062   33.4540   34.3018   35.1496 
  82.9401   83.8067   84.6733   85.5399   86.4065   87.2732   88.1398   89.0064   89.8730   90.7396   91.6062   92.4728   93.3395   94.2061   95.0727   95.9393   96.8059   97.6725   98.5391   99.4057  100.2724  101.1390  102.0056  102.8722  103.7388  104.6054  105.4720  106.3386  107.2053  108.0719  108.9385  109.8051  110.6717  111.5383 
 315.0000 
  18.1940   19.0418   19.8896   20.7373   21.5851   22.4329   23.2806   24.1284   24.9762   25.8240   26.6718   27.5195   28.3673   29.2151   30.0629   30.9106   31.7584   32.6062   33.4540   34.3018   35.1496 
  82.9401   83.8067   84.6733   85.5399   86.4065   87.2732   88.1398   89.0064   89.8730   90.7396   91.6062   92.4728   93.3395   94.2061   95.0727   95.9393   96.8059   97.6725   98.5391   99.4057  100.2724  101.1390  102.0056  102.8722  103.7388  104.6054  105.4720  106.3386  107.2053  108.0719  108.9385  109.8051  110.6717  111.5383 
 390.0000 
  18.1940   19.0418   19.8896   20.7373   21.5851   22.4329   23.2806   24.1284   24.9762   25.8240   26.6718   27.5195   28.3673   29.2151   30.0629   30.9106   31.7584   32.6062   33.4540   34.3018   35.1496 
  82.9401   83.8067   84.6733   85.5399   86.4065   87.2732   88.1398   89.0064   89.8730   90.7396   91.6062   92.4728   93.3395   94.2061   95.0727   95.9393   96.8059   97.6725   98.5391   99.4057  100.2724  101.1390  102.0056  102.8722  103.7388  104.6054  105.4720  106.3386  107.2053  108.0719  108.9385  109.8051  110.6717  111.5383 
 465.0000 
  18.1940   19.0418   19.8896   20.7373   21.5851   22.4329   23.2806   24.1284   24.9762   25.8240   26.6718   27.5195   28.3673   29.2151   30.0629   30.9106   31.7584   32.6062   33.4540   34.3018   35.1496 
  82.9401   83.8067   84.6733   85.5399   86.4065   87.2732   88.1398   89.0064   89.8730   90.7396   91.6062   92.4728   93.3395   94.2061   95.0727   95.9393   96.8059   97.6725   98.5391   99.4057  100.2724  101.1390  102.0056  102.8722  103.7388  104.6054  105.4720  106.3386  107.2053  108.0719  108.9385  109.8051  110.6717  111.5383 
 540.0000 
  18.1940   19.0418   19.8896   20.7373   21.5851   22.4329   23.2806   24.1284   24.9762   25.8240   26.6718   27.5195   28.3673   29.2151   30.0629   30.9106   31.7584   32.6062   33.4540   34.3018   35.1496 
  82.9401   83.8067   84.6733   85.5399   86.4065   87.2732   88.1398   89.0064   89.8730   90.7396   91.6062   92.4728   93.3395   94.2061   95.0727   95.9393   96.8059   97.6725   98.5391   99.4057  100.2724  101.1390  102.0056  102.8722  103.7388  104.6054  105.4720  106.3386  107.2053  108.0719  108.9385  109.8051  110.6717  111.5383 
 615.0000 
  18.1940   19.0418   19.8896   20.7373   21.5851   22.4329   23.2806   24.1284   24.9762   25.8240   26.6718   27.5195   28.3673   29.2151   30.0629   30.9106   31.7584   32.6062   33.4540   34.3018   35.1496 
  82.9401   83.8067   84.6733   85.5399   86.4065   87.2732   88.1398   89.0064   89.8730   90.7396   91.6062   92.4728   93.3395   94.2061   95.0727   95.9393   96.8059   97.6725   98.5391   99.4057  100.2724  101.1390  102.0056  102.8722  103.7388  104.6054  105.4720  106.3386  107.2053  108.0719  108.9385  109.8051  110.6717  111.5383 
