3370.5,   8.24683
3372.5,   8.24361
3374.5,   8.24039
3376.5,   8.23718
3378.5,   8.23396
3380.5,   8.23075
3382.5,   8.22753
3384.5,   8.22431
3386.5,   8.2211
3388.5,   8.21788
3390.5,   8.21467
3392.5,   8.21145
3394.5,   8.20823
3396.5,   8.20502
3398.5,   8.2018
3400.5,   8.19855
3402.5,   8.19518
3404.5,   8.19182
3406.5,   8.18846
3408.5,   8.18509
3410.5,   8.18173
3412.5,   8.17836
3414.5,   8.175
3416.5,   8.17163
3418.5,   8.16827
3420.5,   8.16491
3422.5,   8.16154
3424.5,   8.15818
3426.5,   8.15481
3428.5,   8.15145
3430.5,   8.14809
3432.5,   8.14472
3434.5,   8.14136
3436.5,   8.13799
3438.5,   8.13463
3440.5,   8.13126
3442.5,   8.1279
3444.5,   8.12454
3446.5,   8.12117
3448.5,   8.11781
3450.5,   8.11444
3452.5,   8.11108
3454.5,   8.10771
3456.5,   8.10435
3458.5,   8.10099
3460.5,   8.09762
3462.5,   8.09426
3464.5,   8.09089
3466.5,   8.08753
3468.5,   8.08416
3470.5,   8.0808
3472.5,   8.07744
3474.5,   8.07407
3476.5,   8.07071
3478.5,   8.06734
3480.5,   13.7165
3482.5,   13.716
3484.5,   13.7155
3486.5,   13.715
3488.5,   13.7145
3490.5,   13.714
3492.5,   13.7135
3494.5,   13.713
3496.5,   13.7125
3498.5,   13.712
3500.5,   13.7116
3502.5,   13.7111
3504.5,   13.7106
3506.5,   13.7101
3508.5,   13.7096
3510.5,   13.7091
3512.5,   13.7087
3514.5,   13.7082
3516.5,   13.7077
3518.5,   13.7072
3520.5,   13.7067
3522.5,   13.7062
3524.5,   13.7058
3526.5,   13.7053
3528.5,   13.7048
3530.5,   13.7043
3532.5,   13.7038
3534.5,   13.7033
3536.5,   13.7029
3538.5,   13.7024
3540.5,   13.7019
3542.5,   13.7014
3544.5,   13.7009
3546.5,   13.7005
3548.5,   13.7
3550.5,   13.6995
3552.5,   13.699
3554.5,   13.6985
3556.5,   13.698
3558.5,   13.6976
3560.5,   13.6971
3562.5,   13.6966
3564.5,   13.6961
3566.5,   13.6956
3568.5,   13.6951
3570.5,   13.6947
3572.5,   13.6942
3574.5,   13.6937
3576.5,   13.6932
3578.5,   13.6927
3580.5,   13.6922
3582.5,   13.6918
3584.5,   13.6913
3586.5,   13.6908
3588.5,   13.6903
3590.5,   13.6898
3592.5,   13.6893
3594.5,   13.6889
3596.5,   13.6884
3598.5,   13.6879
3600.5,   13.6874
3602.5,   13.6869
3604.5,   13.6865
3606.5,   13.686
3608.5,   13.6855
3610.5,   13.685
3612.5,   13.6846
3614.5,   13.6841
3616.5,   13.6836
3618.5,   13.6831
3620.5,   13.6827
3622.5,   13.6822
3624.5,   13.6817
3626.5,   13.6812
3628.5,   13.6808
3630.5,   13.6798
3632.5,   13.6774
3634.5,   13.675
3636.5,   13.6726
3638.5,   13.6702
3640.5,   13.6677
3642.5,   13.6653
3644.5,   13.6629
3646.5,   13.6605
3648.5,   13.6581
3650.5,   13.6557
3652.5,   13.6533
3654.5,   13.6509
3656.5,   13.6484
3658.5,   13.646
3660.5,   13.6436
3662.5,   13.6412
3664.5,   13.6388
3666.5,   13.6364
3668.5,   13.634
3670.5,   13.6316
3672.5,   13.6291
3674.5,   13.6267
3676.5,   13.6243
3678.5,   13.6219
3680.5,   13.6195
3682.5,   13.6171
3684.5,   13.6147
3686.5,   13.6123
3688.5,   13.6098
3690.5,   13.6074
3692.5,   13.605
3694.5,   13.6026
3696.5,   13.6002
3698.5,   13.5978
3700.5,   13.5954
3702.5,   13.593
3704.5,   13.5906
3706.5,   13.5883
3708.5,   13.5859
3710.5,   13.5835
3712.5,   13.5812
3714.5,   13.5788
3716.5,   13.5764
3718.5,   13.574
3720.5,   13.5717
3722.5,   13.5693
3724.5,   13.5669
3726.5,   13.5646
3728.5,   13.5622
3730.5,   13.5598
3732.5,   13.5574
3734.5,   13.5551
3736.5,   13.5527
3738.5,   13.5503
3740.5,   13.548
3742.5,   13.5456
3744.5,   13.5432
3746.5,   13.5408
3748.5,   13.5385
3750.5,   13.5361
3752.5,   13.5337
3754.5,   13.5314
3756.5,   13.529
3758.5,   13.5266
3760.5,   13.5242
3762.5,   13.5219
3764.5,   13.5195
3766.5,   13.5171
3768.5,   13.5148
3770.5,   13.5124
3772.5,   13.51
3774.5,   13.5077
3776.5,   13.5053
3778.5,   13.5029
3780.5,   13.5005
3782.5,   13.4982
3784.5,   13.4958
3786.5,   13.4934
3788.5,   13.4911
3790.5,   13.4887
3792.5,   13.4863
3794.5,   13.4839
3796.5,   13.4816
3798.5,   13.4792
3800.5,   13.4768
3802.5,   13.4745
3804.5,   13.4722
3806.5,   13.4698
3808.5,   13.4675
3810.5,   13.4652
3812.5,   13.4628
3814.5,   13.4605
3816.5,   13.4582
3818.5,   13.4558
3820.5,   13.4535
3822.5,   13.4512
3824.5,   13.4488
3826.5,   13.4465
3828.5,   13.4442
3830.5,   13.4418
3832.5,   13.4395
3834.5,   13.4372
3836.5,   13.4348
3838.5,   13.4325
3840.5,   13.4302
3842.5,   13.4278
3844.5,   13.4255
3846.5,   13.4232
3848.5,   13.4208
3850.5,   13.4185
3852.5,   13.4162
3854.5,   13.4138
3856.5,   13.4115
3858.5,   13.4092
3860.5,   13.4068
3862.5,   13.4045
3864.5,   13.4022
3866.5,   13.3998
3868.5,   13.3975
3870.5,   13.3952
3872.5,   13.3928
3874.5,   13.3905
3876.5,   13.3882
3878.5,   13.3858
3880.5,   13.3835
3882.5,   13.3812
3884.5,   13.3788
3886.5,   13.3765
3888.5,   13.3742
3890.5,   13.3718
3892.5,   13.3695
3894.5,   13.3672
3896.5,   13.3648
3898.5,   13.3625
3900.5,   13.3602
3902.5,   13.3579
3904.5,   13.3555
3906.5,   13.3532
3908.5,   13.3509
3910.5,   13.3486
3912.5,   13.3463
3914.5,   13.344
3916.5,   13.3417
3918.5,   13.3394
3920.5,   13.3371
3922.5,   13.3348
3924.5,   13.3325
3926.5,   13.3302
3928.5,   13.3278
3930.5,   13.3255
3932.5,   13.3232
3934.5,   13.3209
3936.5,   13.3186
3938.5,   13.3163
3940.5,   13.314
3942.5,   13.3117
3944.5,   13.3094
3946.5,   13.3071
3948.5,   13.3048
3950.5,   13.3025
3952.5,   13.3001
3954.5,   13.2978
3956.5,   13.2955
3958.5,   13.2932
3960.5,   13.2909
3962.5,   13.2886
3964.5,   13.2863
3966.5,   13.284
3968.5,   13.2817
3970.5,   13.2794
3972.5,   13.2771
3974.5,   13.2748
3976.5,   13.2724
3978.5,   13.2701
3980.5,   13.2678
3982.5,   13.2655
3984.5,   13.2632
3986.5,   13.2609
3988.5,   13.2586
3990.5,   13.2563
3992.5,   13.254
3994.5,   13.2517
3996.5,   13.2494
3998.5,   13.2471
4000.5,   13.2447
4002.5,   13.2425
4004.5,   13.2402
4006.5,   13.2379
4008.5,   13.2356
4010.5,   13.2333
4012.5,   13.231
4014.5,   13.2287
4016.5,   13.2264
4018.5,   13.2241
4020.5,   13.2218
4022.5,   13.2195
4024.5,   13.2172
4026.5,   13.2149
4028.5,   13.2126
4030.5,   13.2103
4032.5,   13.208
4034.5,   13.2057
4036.5,   13.2034
4038.5,   13.2011
4040.5,   13.1988
4042.5,   13.1965
4044.5,   13.1942
4046.5,   13.192
4048.5,   13.1897
4050.5,   13.1874
4052.5,   13.1851
4054.5,   13.1828
4056.5,   13.1805
4058.5,   13.1782
4060.5,   13.1759
4062.5,   13.1736
4064.5,   13.1713
4066.5,   13.169
4068.5,   13.1667
4070.5,   13.1644
4072.5,   13.1621
4074.5,   13.1598
4076.5,   13.1575
4078.5,   13.1552
4080.5,   13.1529
4082.5,   13.1506
4084.5,   13.1483
4086.5,   13.146
4088.5,   13.1437
4090.5,   13.1415
4092.5,   13.1392
4094.5,   13.1369
4096.5,   13.1346
4098.5,   13.1323
4100.5,   13.13
4102.5,   13.1277
4104.5,   13.1254
4106.5,   13.1231
4108.5,   13.1208
4110.5,   13.1185
4112.5,   13.1162
4114.5,   13.1139
4116.5,   13.1116
4118.5,   13.1093
4120.5,   13.107
4122.5,   13.1047
4124.5,   13.1024
4126.5,   13.1001
4128.5,   13.0978
4130.5,   13.0955
4132.5,   13.0933
4134.5,   13.091
4136.5,   13.0887
4138.5,   13.0864
4140.5,   13.0841
4142.5,   13.0818
4144.5,   13.0795
4146.5,   13.0772
4148.5,   13.0749
4150.5,   13.0726
4152.5,   13.0703
4154.5,   13.068
4156.5,   13.0657
4158.5,   13.0634
4160.5,   13.0611
4162.5,   13.0588
4164.5,   13.0565
4166.5,   13.0542
4168.5,   13.0519
4170.5,   13.0496
4172.5,   13.0473
4174.5,   13.0451
4176.5,   13.0428
4178.5,   13.0405
4180.5,   13.0382
4182.5,   13.0359
4184.5,   13.0336
4186.5,   13.0313
4188.5,   13.029
4190.5,   13.0267
4192.5,   13.0244
4194.5,   13.0221
4196.5,   13.0198
4198.5,   13.0175
4200.5,   13.0152
4202.5,   13.0129
4204.5,   13.0106
4206.5,   13.0083
4208.5,   13.006
4210.5,   13.0037
4212.5,   13.0014
4214.5,   12.9991
4216.5,   12.9968
4218.5,   12.9945
4220.5,   12.9921
4222.5,   12.9898
4224.5,   12.9875
4226.5,   12.9852
4228.5,   12.9829
4230.5,   12.9806
4232.5,   12.9783
4234.5,   12.976
4236.5,   12.9737
4238.5,   12.9714
4240.5,   12.9691
4242.5,   12.9668
4244.5,   12.9645
4246.5,   12.9622
4248.5,   12.9599
4250.5,   12.9575
4252.5,   12.9552
4254.5,   12.9529
4256.5,   12.9506
4258.5,   12.9483
4260.5,   12.946
4262.5,   12.9437
4264.5,   12.9414
4266.5,   12.9391
4268.5,   12.9368
4270.5,   12.9345
4272.5,   12.9322
4274.5,   12.9299
4276.5,   12.9276
4278.5,   12.9252
4280.5,   12.9229
4282.5,   12.9206
4284.5,   12.9183
4286.5,   12.916
4288.5,   12.9137
4290.5,   12.9114
4292.5,   12.9091
4294.5,   12.9068
4296.5,   12.9045
4298.5,   12.9022
4300.5,   12.8999
4302.5,   12.8975
4304.5,   12.8952
4306.5,   12.8929
4308.5,   12.8905
4310.5,   12.8882
4312.5,   12.8859
4314.5,   12.8835
4316.5,   12.8812
4318.5,   12.8789
4320.5,   12.8766
4322.5,   12.8742
4324.5,   12.8719
4326.5,   12.8696
4328.5,   12.8672
4330.5,   12.8649
4332.5,   12.8626
4334.5,   12.8602
4336.5,   12.8579
4338.5,   12.8556
4340.5,   12.8532
4342.5,   12.8509
4344.5,   12.8486
4346.5,   12.8462
4348.5,   12.8439
4350.5,   12.8416
4352.5,   12.8393
4354.5,   12.8369
4356.5,   12.8346
4358.5,   12.8323
4360.5,   12.8299
4362.5,   12.8276
4364.5,   12.8253
4366.5,   12.8229
4368.5,   12.8206
4370.5,   12.8183
4372.5,   12.8159
4374.5,   12.8136
4376.5,   12.8113
4378.5,   12.809
4380.5,   12.8066
4382.5,   12.8043
4384.5,   12.802
4386.5,   12.7996
4388.5,   12.7973
4390.5,   12.795
4392.5,   12.7926
4394.5,   12.7903
4396.5,   12.788
4398.5,   12.7856
4400.5,   12.7833
4402.5,   12.7809
4404.5,   12.7786
4406.5,   12.7762
4408.5,   12.7738
4410.5,   12.7715
4412.5,   12.7691
4414.5,   12.7667
4416.5,   12.7644
4418.5,   12.762
4420.5,   12.7596
4422.5,   12.7573
4424.5,   12.7549
4426.5,   12.7525
4428.5,   12.7501
4430.5,   12.7478
4432.5,   12.7454
4434.5,   12.743
4436.5,   12.7407
4438.5,   12.7383
4440.5,   12.7359
4442.5,   12.7336
4444.5,   12.7312
4446.5,   12.7288
4448.5,   12.7265
4450.5,   12.7241
4452.5,   12.7217
4454.5,   12.7194
4456.5,   12.717
4458.5,   12.7146
4460.5,   12.7123
4462.5,   12.7099
4464.5,   12.7075
4466.5,   12.7052
4468.5,   12.7028
4470.5,   12.7004
4472.5,   12.6981
4474.5,   12.6957
4476.5,   12.6933
4478.5,   12.691
4480.5,   12.6886
4482.5,   12.6862
4484.5,   12.6839
4486.5,   12.6815
4488.5,   12.6791
4490.5,   12.6767
4492.5,   12.6744
4494.5,   12.672
4496.5,   12.6696
4498.5,   12.6673
4500.5,   12.6649
4502.5,   12.6625
4504.5,   12.6601
4506.5,   12.6576
4508.5,   12.6552
4510.5,   12.6528
4512.5,   12.6504
4514.5,   12.648
4516.5,   12.6456
4518.5,   12.6431
4520.5,   12.6407
4522.5,   12.6383
4524.5,   12.6359
4526.5,   12.6335
4528.5,   12.6311
4530.5,   12.6286
4532.5,   12.6262
4534.5,   12.6238
4536.5,   12.6214
4538.5,   12.619
4540.5,   12.6166
4542.5,   12.6141
4544.5,   12.6117
4546.5,   12.6093
4548.5,   12.6069
4550.5,   12.6045
4552.5,   12.6021
4554.5,   12.5996
4556.5,   12.5972
4558.5,   12.5948
4560.5,   12.5924
4562.5,   12.59
4564.5,   12.5876
4566.5,   12.5851
4568.5,   12.5827
4570.5,   12.5803
4572.5,   12.5779
4574.5,   12.5755
4576.5,   12.5731
4578.5,   12.5706
4580.5,   12.5682
4582.5,   12.5658
4584.5,   12.5634
4586.5,   12.561
4588.5,   12.5586
4590.5,   12.5561
4592.5,   12.5537
4594.5,   12.5513
4596.5,   12.5489
4598.5,   12.5465
4600.5,   12.544
4602.5,   12.5416
4604.5,   12.5391
4606.5,   12.5366
4608.5,   12.5341
4610.5,   12.5316
4612.5,   12.5292
4614.5,   12.5267
4616.5,   12.5242
4618.5,   12.5217
4620.5,   12.5193
4622.5,   12.5168
4624.5,   12.5143
4626.5,   12.5118
4628.5,   12.5093
4630.5,   12.5069
4632.5,   12.5044
4634.5,   12.5019
4636.5,   12.4994
4638.5,   12.497
4640.5,   12.4945
4642.5,   12.492
4644.5,   12.4895
4646.5,   12.487
4648.5,   12.4846
4650.5,   12.4821
4652.5,   12.4796
4654.5,   12.4771
4656.5,   12.4747
4658.5,   12.4722
4660.5,   12.4697
4662.5,   12.4672
4664.5,   12.4647
4666.5,   12.4623
4668.5,   12.4598
4670.5,   12.4573
4672.5,   12.4548
4674.5,   12.4523
4676.5,   12.4499
4678.5,   12.4474
4680.5,   12.4449
4682.5,   12.4424
4684.5,   12.44
4686.5,   12.4375
4688.5,   12.435
4690.5,   12.4325
4692.5,   12.43
4694.5,   12.4276
4696.5,   12.4251
4698.5,   12.4226
4700.5,   12.4201
4702.5,   12.4176
4704.5,   12.415
4706.5,   12.4125
4708.5,   12.4099
4710.5,   12.4074
4712.5,   12.4048
4714.5,   12.4022
4716.5,   12.3997
4718.5,   12.3971
4720.5,   12.3946
4722.5,   12.392
4724.5,   12.3895
4726.5,   12.3869
4728.5,   12.3844
4730.5,   12.3818
4732.5,   12.3793
4734.5,   12.3767
4736.5,   12.3742
4738.5,   12.3716
4740.5,   12.3691
4742.5,   12.3665
4744.5,   12.364
4746.5,   12.3614
4748.5,   12.3589
4750.5,   12.3563
4752.5,   12.3538
4754.5,   12.3512
4756.5,   12.3487
4758.5,   12.3461
4760.5,   12.3436
4762.5,   12.341
4764.5,   12.3385
4766.5,   12.3359
4768.5,   12.3334
4770.5,   12.3308
4772.5,   12.3282
4774.5,   12.3257
4776.5,   12.3231
4778.5,   12.3206
4780.5,   12.318
4782.5,   12.3155
4784.5,   12.3129
4786.5,   12.3104
4788.5,   12.3078
4790.5,   12.3053
4792.5,   12.3027
4794.5,   12.3002
4796.5,   12.2976
4798.5,   12.2951
4800.5,   12.2925
4802.5,   12.2899
4804.5,   12.2872
4806.5,   12.2846
4808.5,   12.2819
4810.5,   12.2793
4812.5,   12.2767
4814.5,   12.274
4816.5,   12.2714
4818.5,   12.2688
4820.5,   12.2661
4822.5,   12.2635
4824.5,   12.2608
4826.5,   12.2582
4828.5,   12.2556
4830.5,   12.2529
4832.5,   12.2503
4834.5,   12.2477
4836.5,   12.245
4838.5,   12.2424
4840.5,   12.2397
4842.5,   12.2371
4844.5,   12.2345
4846.5,   12.2318
4848.5,   12.2292
4850.5,   12.2266
4852.5,   12.2239
4854.5,   12.2213
4856.5,   12.2186
4858.5,   12.216
4860.5,   12.2134
4862.5,   12.2107
4864.5,   12.2081
4866.5,   12.2054
4868.5,   12.2028
4870.5,   12.2002
4872.5,   12.1975
4874.5,   12.1949
4876.5,   12.1923
4878.5,   12.1896
4880.5,   12.187
4882.5,   12.1843
4884.5,   12.1817
4886.5,   12.1791
4888.5,   12.1764
4890.5,   12.1738
4892.5,   12.1712
4894.5,   12.1685
4896.5,   12.1659
4898.5,   12.1632
4900.5,   12.1606
4902.5,   12.1578
4904.5,   12.1551
4906.5,   12.1524
4908.5,   12.1496
4910.5,   12.1469
4912.5,   12.1442
4914.5,   12.1414
4916.5,   12.1387
4918.5,   12.136
4920.5,   12.1332
4922.5,   12.1305
4924.5,   12.1277
4926.5,   12.125
4928.5,   12.1223
4930.5,   12.1195
4932.5,   12.1168
4934.5,   12.1141
4936.5,   12.1113
4938.5,   12.1086
4940.5,   12.1059
4942.5,   12.1031
4944.5,   12.1004
4946.5,   12.0976
4948.5,   12.0949
4950.5,   12.0922
4952.5,   12.0894
4954.5,   12.0867
4956.5,   12.084
4958.5,   12.0812
4960.5,   12.0785
4962.5,   12.0758
4964.5,   12.073
4966.5,   12.0703
4968.5,   12.0675
4970.5,   12.0648
4972.5,   12.0621
4974.5,   12.0593
4976.5,   12.0566
4978.5,   12.0539
4980.5,   12.0511
4982.5,   12.0484
4984.5,   12.0457
4986.5,   12.0429
4988.5,   12.0402
4990.5,   12.0374
4992.5,   12.0347
4994.5,   12.032
4996.5,   12.0292
4998.5,   12.0265
5000.5,   12.0237
5002.5,   12.0209
5004.5,   12.018
5006.5,   12.0152
5008.5,   12.0123
5010.5,   12.0095
5012.5,   12.0067
5014.5,   12.0038
5016.5,   12.001
5018.5,   11.9981
5020.5,   11.9953
5022.5,   11.9924
5024.5,   11.9896
5026.5,   11.9867
5028.5,   11.9839
5030.5,   11.981
5032.5,   11.9782
5034.5,   11.9753
5036.5,   11.9725
5038.5,   11.9696
5040.5,   11.9668
5042.5,   11.9639
5044.5,   11.9611
5046.5,   11.9583
5048.5,   11.9554
5050.5,   11.9526
5052.5,   11.9497
5054.5,   11.9469
5056.5,   11.944
5058.5,   11.9412
5060.5,   11.9383
5062.5,   11.9355
5064.5,   11.9326
5066.5,   11.9298
5068.5,   11.9269
5070.5,   11.9241
5072.5,   11.9212
5074.5,   11.9184
5076.5,   11.9155
5078.5,   11.9127
5080.5,   11.9099
5082.5,   11.907
5084.5,   11.9042
5086.5,   11.9013
5088.5,   11.8985
5090.5,   11.8956
5092.5,   11.8928
5094.5,   11.8899
5096.5,   11.8871
5098.5,   11.8842
5100.5,   11.8813
5102.5,   11.8784
5104.5,   11.8754
5106.5,   11.8724
5108.5,   11.8695
5110.5,   11.8665
5112.5,   11.8635
5114.5,   11.8606
5116.5,   11.8576
5118.5,   11.8546
5120.5,   11.8516
5122.5,   11.8487
5124.5,   11.8457
5126.5,   11.8427
5128.5,   11.8398
5130.5,   11.8368
5132.5,   11.8338
5134.5,   11.8309
5136.5,   11.8279
5138.5,   11.8249
5140.5,   11.8219
5142.5,   11.819
5144.5,   11.816
5146.5,   11.813
5148.5,   11.8101
5150.5,   11.8071
5152.5,   11.8041
5154.5,   11.8011
5156.5,   11.7982
5158.5,   11.7952
5160.5,   11.7922
5162.5,   11.7893
5164.5,   11.7863
5166.5,   11.7833
5168.5,   11.7804
5170.5,   11.7774
5172.5,   11.7744
5174.5,   11.7714
5176.5,   11.7685
5178.5,   11.7655
5180.5,   11.7625
5182.5,   11.7596
5184.5,   11.7566
5186.5,   11.7536
5188.5,   11.7506
5190.5,   11.7477
5192.5,   11.7447
5194.5,   11.7417
5196.5,   11.7388
5198.5,   11.7358
5200.5,   11.7328
5202.5,   11.7297
5204.5,   11.7266
5206.5,   11.7235
5208.5,   11.7204
5210.5,   11.7173
5212.5,   11.7142
5214.5,   11.7111
5216.5,   11.7079
5218.5,   11.7048
5220.5,   11.7017
5222.5,   11.6986
5224.5,   11.6955
5226.5,   11.6924
5228.5,   11.6893
5230.5,   11.6862
5232.5,   11.6831
5234.5,   11.68
5236.5,   11.6769
5238.5,   11.6738
5240.5,   11.6707
5242.5,   11.6676
5244.5,   11.6645
5246.5,   11.6614
5248.5,   11.6583
5250.5,   11.6551
5252.5,   11.652
5254.5,   11.6489
5256.5,   11.6458
5258.5,   11.6427
5260.5,   11.6396
5262.5,   11.6365
5264.5,   11.6334
5266.5,   11.6303
5268.5,   11.6272
5270.5,   11.6241
5272.5,   11.621
5274.5,   11.6179
5276.5,   11.6148
5278.5,   11.6117
5280.5,   11.6086
5282.5,   11.6055
5284.5,   11.6023
5286.5,   11.5992
5288.5,   11.5961
5290.5,   11.593
5292.5,   11.5899
5294.5,   11.5868
5296.5,   11.5837
5298.5,   11.5806
5300.5,   11.5775
5302.5,   11.5742
5304.5,   11.571
5306.5,   11.5677
5308.5,   11.5645
5310.5,   11.5612
5312.5,   11.5579
5314.5,   11.5547
5316.5,   11.5514
5318.5,   11.5482
5320.5,   11.5449
5322.5,   11.5417
5324.5,   11.5384
5326.5,   11.5352
5328.5,   11.5319
5330.5,   11.5287
5332.5,   11.5254
5334.5,   11.5222
5336.5,   11.5189
5338.5,   11.5156
5340.5,   11.5124
5342.5,   11.5091
5344.5,   11.5059
5346.5,   11.5026
5348.5,   11.4994
5350.5,   11.4961
5352.5,   11.4929
5354.5,   11.4896
5356.5,   11.4864
5358.5,   11.4831
5360.5,   11.4799
5362.5,   11.4766
5364.5,   11.4734
5366.5,   11.4701
5368.5,   11.4668
5370.5,   11.4636
5372.5,   11.4603
5374.5,   11.4571
5376.5,   11.4538
5378.5,   11.4506
5380.5,   11.4473
5382.5,   11.4441
5384.5,   11.4408
5386.5,   11.4376
5388.5,   11.4343
5390.5,   11.4311
5392.5,   11.4278
5394.5,   11.4245
5396.5,   11.4213
5398.5,   11.418
5400.5,   11.4147
5402.5,   11.4113
5404.5,   11.4079
5406.5,   11.4045
5408.5,   11.4011
5410.5,   11.3977
5412.5,   11.3943
5414.5,   11.3908
5416.5,   11.3874
5418.5,   11.384
5420.5,   11.3806
5422.5,   11.3772
5424.5,   11.3738
5426.5,   11.3704
5428.5,   11.367
5430.5,   11.3635
5432.5,   11.3601
5434.5,   11.3567
5436.5,   11.3533
5438.5,   11.3499
5440.5,   11.3465
5442.5,   11.3431
5444.5,   11.3396
5446.5,   11.3362
5448.5,   11.3328
5450.5,   11.3294
5452.5,   11.326
5454.5,   11.3226
5456.5,   11.3192
5458.5,   11.3157
5460.5,   11.3123
5462.5,   11.3089
5464.5,   11.3055
5466.5,   11.3021
5468.5,   11.2987
5470.5,   11.2953
5472.5,   11.2918
5474.5,   11.2884
5476.5,   11.285
5478.5,   11.2816
5480.5,   11.2782
5482.5,   11.2748
5484.5,   11.2714
5486.5,   11.2679
5488.5,   11.2645
5490.5,   11.2611
5492.5,   11.2577
5494.5,   11.2543
5496.5,   11.2509
5498.5,   11.2475
5500.5,   11.244
5502.5,   11.2404
5504.5,   11.2368
5506.5,   11.2332
5508.5,   11.2297
5510.5,   11.2261
5512.5,   11.2225
5514.5,   11.2189
5516.5,   11.2153
5518.5,   11.2117
5520.5,   11.2081
5522.5,   11.2046
5524.5,   11.201
5526.5,   11.1974
5528.5,   11.1938
5530.5,   11.1902
5532.5,   11.1866
5534.5,   11.183
5536.5,   11.1794
5538.5,   11.1759
5540.5,   11.1723
5542.5,   11.1687
5544.5,   11.1651
5546.5,   11.1615
5548.5,   11.1579
5550.5,   11.1543
5552.5,   11.1508
5554.5,   11.1472
5556.5,   11.1436
5558.5,   11.14
5560.5,   11.1364
5562.5,   11.1328
5564.5,   11.1292
5566.5,   11.1256
5568.5,   11.1221
5570.5,   11.1185
5572.5,   11.1149
5574.5,   11.1113
5576.5,   11.1077
5578.5,   11.1041
5580.5,   11.1005
5582.5,   11.097
5584.5,   11.0934
5586.5,   11.0898
5588.5,   11.0862
5590.5,   11.0826
5592.5,   11.079
5594.5,   11.0754
5596.5,   11.0718
5598.5,   11.0683
5600.5,   11.064
5602.5,   11.0578
5604.5,   11.0516
5606.5,   11.0454
5608.5,   11.0391
5610.5,   11.0329
5612.5,   11.0267
5614.5,   11.0205
5616.5,   11.0142
5618.5,   11.008
5620.5,   11.0018
5622.5,   10.9956
5624.5,   10.9894
5626.5,   10.9831
5628.5,   10.9769
5630.5,   10.9707
5632.5,   10.9645
5634.5,   10.9583
5636.5,   10.952
5638.5,   10.9458
5640.5,   10.9396
5642.5,   10.9334
5644.5,   10.9272
5646.5,   10.9209
5648.5,   10.9147
5650.5,   10.9085
5652.5,   10.9023
5654.5,   10.896
5656.5,   10.8898
5658.5,   10.8836
5660.5,   10.8774
5662.5,   10.8711
5664.5,   10.8649
5666.5,   10.8587
5668.5,   10.8525
5670.5,   10.8462
5672.5,   10.84
5674.5,   10.8338
5676.5,   10.8276
5678.5,   10.8213
5680.5,   10.8151
5682.5,   10.8089
5684.5,   10.8027
5686.5,   10.7964
5688.5,   10.7902
5690.5,   10.784
5692.5,   10.7778
5694.5,   10.7715
5696.5,   10.7653
5698.5,   10.7591
5700.5,   10.7529
5702.5,   10.2639
5704.5,   10.2608
5706.5,   10.2577
5708.5,   10.2546
5710.5,   10.2515
5712.5,   10.2484
5714.5,   10.2453
5716.5,   10.2422
5718.5,   10.2391
5720.5,   10.236
5722.5,   10.2329
5724.5,   10.2298
5726.5,   10.2267
5728.5,   10.2236
5730.5,   10.2205
5732.5,   10.2174
5734.5,   10.2144
5736.5,   10.2113
5738.5,   10.2082
5740.5,   10.2051
5742.5,   10.202
5744.5,   10.1989
5746.5,   10.1958
5748.5,   10.1927
5750.5,   10.1896
5752.5,   10.1865
5754.5,   10.1834
5756.5,   10.1803
5758.5,   10.1772
5760.5,   10.1741
5762.5,   10.171
5764.5,   10.1679
5766.5,   10.1648
5768.5,   10.1617
5770.5,   10.1586
5772.5,   10.1501
5774.5,   10.1399
5776.5,   10.1297
5778.5,   10.1194
5780.5,   10.1092
5782.5,   10.0989
5784.5,   10.0887
5786.5,   10.0785
5788.5,   10.0682
5790.5,   10.058
5792.5,   10.0478
5794.5,   10.0375
5796.5,   10.0273
5798.5,   10.017
5800.5,   10.0068
5802.5,   9.99656
5804.5,   9.98632
5806.5,   9.97608
5808.5,   9.96584
5810.5,   9.9556
5812.5,   9.94536
5814.5,   9.93513
5816.5,   9.92489
5818.5,   9.91465
5820.5,   9.90441
5822.5,   9.89417
5824.5,   9.88393
5826.5,   9.87369
5828.5,   9.86345
5830.5,   9.85322
5832.5,   9.84298
5834.5,   9.83274
5836.5,   9.8225
5838.5,   9.81226
5840.5,   9.80202
5842.5,   9.79178
5844.5,   9.78154
5846.5,   9.77131
5848.5,   9.76107
5850.5,   9.75083
5852.5,   9.74059
5854.5,   9.73035
5856.5,   9.72011
5858.5,   9.70987
5860.5,   9.69963
5862.5,   9.68939
5864.5,   9.67916
5866.5,   9.66892
5868.5,   9.65868
5870.5,   9.64844
5872.5,   9.6382
5874.5,   9.62796
5876.5,   9.61772
5878.5,   9.60748
5880.5,   9.59724
5882.5,   9.587
5884.5,   9.57677
5886.5,   9.56653
5888.5,   9.55629
5890.5,   9.54605
5892.5,   9.53581
5894.5,   9.52557
5896.5,   9.51533
5898.5,   9.50509
5900.5,   9.49485
5902.5,   9.48461
5904.5,   9.47437
5906.5,   9.46413
5908.5,   9.4539
5910.5,   9.44366
5912.5,   9.43342
5914.5,   9.42318
5916.5,   9.41294
5918.5,   9.4027
5920.5,   9.39246
5922.5,   9.38222
5924.5,   9.37198
5926.5,   9.36175
5928.5,   9.35151
5930.5,   9.34127
5932.5,   9.33104
5934.5,   9.3208
5936.5,   9.31056
5938.5,   9.30032
5940.5,   9.29009
5942.5,   9.27985
5944.5,   9.26961
5946.5,   9.25938
5948.5,   9.24914
5950.5,   9.2389
5952.5,   9.22866
5954.5,   9.21843
5956.5,   9.20819
5958.5,   9.19795
5960.5,   9.18772
5962.5,   9.17748
5964.5,   9.16724
5966.5,   9.157
5968.5,   9.14677
5970.5,   9.13653
5972.5,   8.90234
5974.5,   8.89849
5976.5,   8.89464
5978.5,   8.8908
5980.5,   8.88695
5982.5,   8.8831
5984.5,   8.87926
5986.5,   8.87541
5988.5,   8.87156
5990.5,   8.86772
5992.5,   8.86387
5994.5,   8.86002
5996.5,   8.85618
5998.5,   8.85233
6000.5,   8.84848
6002.5,   8.84464
6004.5,   8.84079
6006.5,   8.83694
6008.5,   8.8331
6010.5,   8.82925
6012.5,   8.8254
6014.5,   8.82156
6016.5,   8.81771
6018.5,   8.81386
6020.5,   8.81001
6022.5,   8.80616
6024.5,   8.80232
6026.5,   8.79847
6028.5,   8.79462
6030.5,   8.79077
6032.5,   8.78692
6034.5,   8.78308
6036.5,   8.77923
6038.5,   8.77538
6040.5,   8.77153
6042.5,   8.76768
6044.5,   8.76384
6046.5,   8.75999
6048.5,   8.75614
6050.5,   8.75229
6052.5,   8.74844
6054.5,   8.7446
6056.5,   8.74075
6058.5,   8.7369
6060.5,   8.73305
6062.5,   8.7292
6064.5,   8.72536
6066.5,   8.72151
6068.5,   8.71766
6070.5,   8.71381
6072.5,   8.70997
6074.5,   8.70612
6076.5,   8.70227
6078.5,   8.69842
6080.5,   8.69458
6082.5,   8.69073
6084.5,   8.68688
6086.5,   8.68303
6088.5,   8.67919
6090.5,   8.67534
6092.5,   8.67149
6094.5,   8.66764
6096.5,   8.6638
6098.5,   8.65995
6100.5,   8.6561
6102.5,   8.65225
6104.5,   8.64841
6106.5,   8.64456
6108.5,   8.64071
6110.5,   8.63686
6112.5,   8.63302
6114.5,   8.62917
6116.5,   8.62532
6118.5,   8.62148
6120.5,   8.61763
6122.5,   8.61378
6124.5,   8.60993
6126.5,   8.60609
6128.5,   8.60224
6130.5,   8.59839
6132.5,   8.59455
6134.5,   8.5907
6136.5,   8.58685
6138.5,   8.583
6140.5,   8.57916
6142.5,   8.57531
6144.5,   8.57146
6146.5,   8.56762
6148.5,   8.56377
6150.5,   8.55992
6152.5,   7.99065
6154.5,   7.99191
6156.5,   7.99317
6158.5,   7.99444
6160.5,   7.9957
6162.5,   7.99696
6164.5,   7.99822
6166.5,   7.99949
6168.5,   8.00075
6170.5,   8.00201
6172.5,   8.00328
6174.5,   8.00454
6176.5,   8.0058
6178.5,   8.00706
6180.5,   8.00833
6182.5,   8.00959
6184.5,   8.01085
6186.5,   8.01211
6188.5,   8.01336
6190.5,   8.01462
6192.5,   8.01587
6194.5,   8.01712
6196.5,   8.01837
6198.5,   8.01962
6200.5,   8.02087
6202.5,   8.02212
6204.5,   8.02338
6206.5,   8.02463
6208.5,   8.02588
6210.5,   8.02713
6212.5,   8.02838
6214.5,   8.02963
6216.5,   8.03088
6218.5,   8.03214
6220.5,   8.03339
6222.5,   8.03463
6224.5,   8.03587
6226.5,   8.03711
6228.5,   8.03835
6230.5,   8.03959
6232.5,   8.04083
6234.5,   8.04207
6236.5,   8.04331
6238.5,   8.04455
6240.5,   8.04579
6242.5,   8.04703
6244.5,   8.04827
6246.5,   8.04951
6248.5,   8.05075
6250.5,   8.05199
6252.5,   8.05323
6254.5,   8.05447
6256.5,   8.05571
6258.5,   8.05693
6260.5,   8.05816
6262.5,   8.05939
6264.5,   8.06062
6266.5,   8.06184
6268.5,   8.06307
6270.5,   8.0643
6272.5,   8.06553
6274.5,   8.06675
6276.5,   8.06798
6278.5,   8.06921
6280.5,   8.07044
6282.5,   8.07166
6284.5,   8.07289
6286.5,   8.07412
6288.5,   8.07535
6290.5,   8.07657
6292.5,   8.07779
6294.5,   8.07901
6296.5,   8.08023
6298.5,   8.08145
6300.5,   8.08267
6302.5,   8.08389
6304.5,   8.08511
6306.5,   8.08633
6308.5,   8.08755
6310.5,   8.08877
6312.5,   8.08998
6314.5,   8.09119
6316.5,   8.0924
6318.5,   8.09361
6320.5,   8.09483
6322.5,   8.09604
6324.5,   8.09725
6326.5,   8.09846
6328.5,   8.09968
6330.5,   8.10089
6332.5,   8.1021
6334.5,   8.1033
6336.5,   8.10451
6338.5,   8.10572
6340.5,   8.10693
6342.5,   8.10813
6344.5,   8.10934
6346.5,   8.11055
6348.5,   6.8
6350.5,   6.8
6352.5,   6.8
6354.5,   6.8
6356.5,   5.8
6358.5,   5.8
6360.5,   5.8
6362.5,   5.8
6364.5,   5.8
6366.5,   5.8
6368.5,   5.8
6370.5,   5.8
6372.5,   5.8
6374.5,   5.8
6376.5,   5.8
6378.5,   5.8
6380.5,   5.8
6382.5,   5.8
6384.5,   5.8
6386.5,   5.8
6388.5,   5.8
6390.5,   5.8
6392.5,   5.8
6394.5,   5.8
6396.5,   5.8
6398.5,   5.8
6400.5,   5.8
6402.5,   5.8
6404.5,   5.8
6406.5,   5.8
6408.5,   5.8
6410.5,   5.8
6412.5,   5.8
6414.5,   5.8
6416.5,   5.8
6418.5,   5.8
6420.5,   5.8
6422.5,   5.8
6424.5,   5.8
6426.5,   5.8
6428.5,   5.8
6430.5,   5.8
6432.5,   5.8
6434.5,   5.8
6436.5,   5.8
6438.5,   5.8
6440.5,   5.8
6442.5,   5.8
6444.5,   5.8
6446.5,   5.8
6448.5,   5.8
6450.5,   5.8
6452.5,   5.8
6454.5,   5.8
6456.5,   5.8
6458.5,   5.8
6460.5,   5.8
6462.5,   5.8
6464.5,   5.8
6466.5,   5.8
6468.5,   5.8
6470.5,   5.8
