-122.73566   37.96894
-122.70941   37.93895
-122.65033   37.88999
-122.62177   37.83209
-122.59009   37.79618
-122.56673   37.74661
-122.51982   37.71281
-122.47924   37.65959
-122.40956   37.58436
-122.38051   37.54962
-122.32748   37.48461
-122.23632   37.38344
-122.18852   37.34638
-122.15621   37.31470
-122.11902   37.26828
-122.01512   37.19501
-121.92424   37.12444
-121.88689   37.10485
-121.86086   37.08276
-121.78342   37.04335
-121.70450   36.97942
-121.65426   36.93801
-121.57487   36.88348
-121.47861   36.81956
-121.43712   36.78821
-121.40534   36.76781
-121.36812   36.75009
-121.33557   36.71495
-121.27255   36.67184
-121.16342   36.57248
-121.09358   36.51578
-121.02139   36.44378
-120.93316   36.35578
-120.79679   36.21978
-120.63636   36.07582
-120.52406   35.97185
-120.43583   35.90791
-120.33957   35.81993
-120.29568   35.74979
-120.26271   35.71512
-120.23380   35.67390
-120.19772   35.63300
-120.12299   35.56383
-120.02674   35.48387
-119.98846   35.44344
-119.88017   35.32590
-119.78610   35.24387
-119.67380   35.14792
-119.53743   35.04400
-119.40726   34.94926
-119.34920   34.92597
-119.31423   34.90995
-119.24588   34.88266
-119.20791   34.87552
-119.16832   34.87107
-119.12954   34.86300
-119.09076   34.86210
-118.97416   34.84129
-118.93565   34.84176
-118.85999   34.82469
-118.78894   34.79661
-118.72217   34.76987
-118.68535   34.75631
-118.56902   34.72084
-118.49005   34.70185
-118.39037   34.66204
-118.22995   34.61434
-118.06150   34.54260
