0 8 11 11
 -20.0000  -10.0000    0.0000   10.0000   20.0000   30.0000   40.0000   50.0000 
  30.0000   30.2222   30.4444   30.6667   30.8889   31.1111   31.3333   31.5556   31.7778   32.0000   32.2222 
  30.0000   30.2222   30.4444   30.6667   30.8889   31.1111   31.3333   31.5556   31.7778   32.0000   32.2222 
1 8 11 11
 -18.0000   -8.0000    2.0000   12.0000   22.0000   32.0000   42.0000   52.0000 
  29.9556   30.1778   30.4000   30.6222   30.8444   31.0667   31.2889   31.5111   31.7333   31.9556   32.1778 
  29.9556   30.1778   30.4000   30.6222   30.8444   31.0667   31.2889   31.5111   31.7333   31.9556   32.1778 
2 8 11 11
 -16.0000   -6.0000    4.0000   14.0000   24.0000   34.0000   44.0000   54.0000 
  29.9111   30.1333   30.3556   30.5778   30.8000   31.0222   31.2444   31.4667   31.6889   31.9111   32.1333 
  29.9111   30.1333   30.3556   30.5778   30.8000   31.0222   31.2444   31.4667   31.6889   31.9111   32.1333 
3 8 11 11
 -14.0000   -4.0000    6.0000   16.0000   26.0000   36.0000   46.0000   56.0000 
  29.8667   30.0889   30.3111   30.5333   30.7556   30.9778   31.2000   31.4222   31.6444   31.8667   32.0889 
  29.8667   30.0889   30.3111   30.5333   30.7556   30.9778   31.2000   31.4222   31.6444   31.8667   32.0889 
4 8 11 11
 -12.0000   -2.0000    8.0000   18.0000   28.0000   38.0000   48.0000   58.0000 
  29.8222   30.0444   30.2667   30.4889   30.7111   30.9333   31.1556   31.3778   31.6000   31.8222   32.0444 
  29.8222   30.0444   30.2667   30.4889   30.7111   30.9333   31.1556   31.3778   31.6000   31.8222   32.0444 
0 8 11 11
 -20.0000  -10.0000    0.0000   10.0000   20.0000   30.0000   40.0000   50.0000 
  30.0000   30.2222   30.4444   30.6667   30.8889   31.1111   31.3333   31.5556   31.7778   32.0000   32.2222 
  30.0000   30.2222   30.4444   30.6667   30.8889   31.1111   31.3333   31.5556   31.7778   32.0000   32.2222 
1 8 11 11
 -18.0000   -8.0000    2.0000   12.0000   22.0000   32.0000   42.0000   52.0000 
  29.9556   30.1778   30.4000   30.6222   30.8444   31.0667   31.2889   31.5111   31.7333   31.9556   32.1778 
  29.9556   30.1778   30.4000   30.6222   30.8444   31.0667   31.2889   31.5111   31.7333   31.9556   32.1778 
2 8 11 11
 -16.0000   -6.0000    4.0000   14.0000   24.0000   34.0000   44.0000   54.0000 
  29.9111   30.1333   30.3556   30.5778   30.8000   31.0222   31.2444   31.4667   31.6889   31.9111   32.1333 
  29.9111   30.1333   30.3556   30.5778   30.8000   31.0222   31.2444   31.4667   31.6889   31.9111   32.1333 
3 8 11 11
 -14.0000   -4.0000    6.0000   16.0000   26.0000   36.0000   46.0000   56.0000 
  29.8667   30.0889   30.3111   30.5333   30.7556   30.9778   31.2000   31.4222   31.6444   31.8667   32.0889 
  29.8667   30.0889   30.3111   30.5333   30.7556   30.9778   31.2000   31.4222   31.6444   31.8667   32.0889 
4 8 11 11
 -12.0000   -2.0000    8.0000   18.0000   28.0000   38.0000   48.0000   58.0000 
  29.8222   30.0444   30.2667   30.4889   30.7111   30.9333   31.1556   31.3778   31.6000   31.8222   32.0444 
  29.8222   30.0444   30.2667   30.4889   30.7111   30.9333   31.1556   31.3778   31.6000   31.8222   32.0444 
