101.3217  15.25436
101.3610  15.02633
101.4085  14.66495
101.6319  14.56644
101.6012  14.38869
101.4514  14.26901
101.7127  14.13520
101.9088  14.04399
102.1729  14.00737
102.4503  14.00100
102.7636  14.00578
103.0485  14.13474
103.3082  14.27712
103.5336  14.33471
103.7845  14.37077
103.9997  14.34649
104.2485  14.32079
104.4734  14.33280
104.6885  14.37674
104.9102  14.34013
105.1688  14.31806
105.3968  14.38630
105.5182  14.48660
105.5693  14.77796
105.8248  14.91528
106.1238  14.87758
106.3348  14.64013
106.4688  14.60983
106.7040  14.63849
106.9841  14.69472
107.1072  14.88782
106.9818  15.16007
106.8467  15.43551
106.7018  15.70776
106.4761  15.91474
106.7336  16.04609
106.9007  16.14401
106.9118  16.31668
106.7038  16.57524
106.4385  16.64211
106.2010  16.67623
106.0120  16.46044
105.8274  16.65030
105.8194  16.91355
105.5656  17.01331
105.2865  17.09928
104.9742  17.44792
104.8155  17.65625
104.6904  17.84917
104.4882  18.06029
104.2648  18.23726
104.2338  18.42014
104.0404  18.69778
103.8294  18.71916
103.6035  18.82287
103.4194  18.79012
103.1891  18.75828
102.9576  18.78853
102.7519  18.78060
102.4620  18.70688
102.2884  18.31131
102.3415  17.97336
102.3233  17.61750
102.3959  17.36994
102.5198  17.16424
102.4485  16.89594
102.2198  17.03361
102.0690  16.82544
101.9004  16.52085
101.7902  16.17219
101.5551  16.16099
101.3962  15.84821
101.3255  15.53741
101.3217  15.25436