97.160627 18.667449
97.439913 18.296889
97.702608 18.010759
97.979130 17.718541
98.283303 17.463175
98.550606 17.271720
98.765678 17.102918
99.057562 16.870374
99.306431 16.669104
99.555300 16.377656
99.831821 16.064504
100.03921 15.742171
100.21895 15.443462
100.39869 15.086120
100.56460 14.752446
100.78582 14.447648
100.96556 14.282677
101.60156 13.889472
101.90573 13.651846
102.20990 13.442356
102.51408 13.201059
102.80719 12.957404
103.10972 12.693070
103.48190 12.438190
103.78607 12.172426
104.09025 11.987404
104.36677 11.761654
104.62946 11.466553
104.91981 11.204539
105.18250 10.882527
105.43137 10.599681
105.72172 10.344518
106.01207 10.087398
106.30241 9.8312565
106.50981 9.6872272